0 7 20 144.05 14.17 24.97 226.69 
0 5 20 145.16 16.09 20.52 222.19 
0 5 20 139.30 13.63 16.29 230.76 
0 2 20 154.84 11.77 20.27 191.70 
0 1 20 133.88 22.28 16.31 233.52 
0 0 20 121.37 22.41 13.37 228.63 
0 0 20 125.07 10.85 14.01 198.23 
0 0 20 153.01 14.89 15.36 268.55 
0 0 20 153.77 24.25 19.65 185.10 
0 0 20 104.06 9.64 12.04 223.68 
1 5 20 144.05 14.17 24.97 226.69 
1 4 20 144.05 14.17 24.97 204.02 
1 4 20 144.05 14.17 24.97 226.69 
1 3 20 144.05 14.17 24.97 226.69 
1 2 20 150.00 13.93 20.39 206.95 
1 1 20 139.52 19.19 18.41 227.86 
1 1 20 141.68 13.90 20.63 228.72 
1 0 20 144.05 14.17 24.97 226.69 
1 0 20 136.59 17.95 16.30 232.14 
1 0 20 141.68 13.90 20.63 228.72 
2 5 20 144.05 12.75 24.97 226.69 
2 4 20 144.05 14.17 24.97 215.35 
2 4 20 144.05 14.17 24.97 226.69 
2 2 20 144.05 14.17 24.97 215.35 
2 2 20 144.05 14.17 24.97 226.69 
2 1 20 144.05 14.17 24.97 215.35 
2 1 20 147.03 14.05 22.68 205.48 
2 1 20 144.05 14.17 24.97 226.69 
2 0 20 147.03 14.05 22.68 216.82 
2 0 20 144.05 14.17 24.97 226.69 
3 5 20 144.05 14.17 24.97 221.02 
3 4 20 144.05 13.46 24.97 221.02 
3 3 20 144.05 13.46 24.97 221.02 
3 3 20 144.05 14.17 24.97 215.35 
3 3 20 144.05 14.17 24.97 221.02 
3 2 20 144.05 14.17 24.97 215.35 
3 0 20 144.05 13.46 24.97 221.02 
3 0 20 144.05 15.58 24.97 226.69 
3 0 20 144.05 13.46 24.97 221.02 
3 0 20 144.05 14.17 24.97 215.35 
0 3 30 157.71 22.47 23.79 287.11 
0 3 30 145.64 14.96 24.15 299.86 
0 3 30 127.02 10.78 23.37 161.40 
0 2 30 118.03 22.88 23.12 282.82 
0 2 30 105.80 19.31 16.14 157.70 
0 2 30 149.56 22.95 20.65 279.71 
0 2 30 147.74 23.53 17.84 201.55 
0 2 30 97.07 11.68 16.49 217.83 
0 2 30 118.54 9.04 21.60 163.83 
0 1 30 135.27 8.05 14.23 163.70 
0 1 30 136.23 12.98 21.63 198.42 
0 1 30 95.29 12.88 18.08 227.44 
0 1 30 154.95 23.80 16.12 292.36 
0 1 30 113.94 10.37 12.86 250.52 
0 1 30 122.39 17.45 15.16 240.30 
0 1 30 139.81 16.41 18.29 173.47 
0 1 30 148.49 24.98 23.98 232.57 
0 1 30 108.91 11.45 18.89 237.63 
0 0 30 138.11 12.29 10.22 156.97 
0 0 30 116.62 12.95 10.83 276.98 
0 0 30 111.58 17.88 19.37 200.07 
0 0 30 159.51 16.63 17.33 177.83 
0 0 30 91.33 24.89 11.26 152.79 
0 0 30 106.33 11.14 18.76 244.49 
0 0 30 108.32 14.06 13.77 224.27 
0 0 30 151.90 14.05 12.68 180.28 
0 0 30 113.58 8.73 17.67 249.49 
0 0 30 107.05 9.93 15.51 232.09 
0 0 30 156.19 20.52 11.90 201.02 
0 0 30 126.26 24.66 11.35 180.16 
1 3 30 124.71 14.11 19.26 200.85 
1 3 30 149.02 23.97 22.31 230.53 
1 3 30 126.50 17.67 20.93 257.27 
1 3 30 131.83 18.92 23.64 291.34 
1 2 30 125.72 15.42 20.14 228.78 
1 2 30 156.33 23.13 19.96 289.73 
1 2 30 152.72 23.00 20.82 244.33 
1 2 30 112.17 14.17 18.87 160.77 
1 2 30 147.60 18.96 22.40 289.78 
1 2 30 116.31 17.20 19.77 258.67 
1 1 30 159.16 19.68 19.47 226.59 
1 1 30 116.41 15.04 19.76 159.55 
1 1 30 128.32 17.49 18.37 219.59 
1 1 30 113.73 10.24 20.24 200.73 
1 1 30 142.42 15.50 17.44 221.71 
1 1 30 132.88 23.20 20.48 242.18 
1 0 30 134.44 17.09 14.49 298.58 
1 0 30 112.04 11.23 17.94 189.61 
1 0 30 133.14 16.29 19.72 182.69 
1 0 30 127.68 23.24 18.40 218.70 
1 0 30 122.78 9.91 22.48 162.61 
1 0 30 146.69 19.25 21.00 250.70 
1 0 30 151.11 17.16 20.61 181.47 
1 0 30 147.38 20.10 17.21 232.91 
1 0 30 124.71 14.11 19.26 200.85 
1 0 30 109.73 14.57 15.82 229.06 
1 0 30 157.71 22.47 23.79 287.11 
1 0 30 139.44 21.42 16.99 179.63 
1 0 30 130.84 16.95 15.35 226.03 
1 0 30 122.78 9.91 22.48 162.61 
2 6 30 140.43 21.44 22.97 260.93 
2 3 30 130.60 19.07 20.59 195.65 
2 2 30 131.83 18.92 23.64 291.34 
2 2 30 137.37 19.69 19.11 229.65 
2 2 30 126.50 17.67 20.93 257.27 
2 2 30 150.87 23.48 21.57 237.43 
2 2 30 134.52 20.10 20.29 251.50 
2 1 30 153.38 19.32 20.93 258.18 
2 1 30 140.24 21.08 21.44 265.98 
2 1 30 119.34 15.92 19.90 209.02 
2 1 30 137.96 18.22 20.38 254.69 
2 1 30 138.71 18.56 20.04 222.59 
2 1 30 138.71 18.56 20.04 222.59 
2 1 30 136.32 20.17 19.86 274.20 
2 1 30 139.22 19.21 20.48 236.55 
2 1 30 125.60 15.89 20.10 229.06 
2 1 30 129.37 16.35 18.61 240.19 
2 1 30 151.96 21.05 21.18 289.76 
2 0 30 148.31 21.46 22.36 260.15 
2 0 30 136.32 20.17 19.86 246.78 
2 0 30 134.46 16.59 19.19 239.49 
2 0 30 149.37 19.32 18.70 255.72 
2 0 30 143.74 18.59 17.03 223.09 
2 0 30 126.51 15.80 18.81 210.22 
2 0 30 136.15 16.54 20.83 245.32 
2 0 30 128.27 16.52 21.45 246.09 
2 0 30 122.78 14.58 21.94 246.03 
2 0 30 140.52 18.62 19.61 245.29 
2 0 30 128.79 18.66 19.87 221.52 
2 0 30 152.72 23.00 22.90 244.33 
3 4 30 129.02 17.24 19.97 215.80 
3 3 30 138.97 18.88 22.29 229.57 
3 2 30 140.43 21.44 22.97 260.93 
3 2 30 138.90 20.57 21.04 245.29 
3 2 30 145.67 18.77 20.66 256.43 
3 2 30 138.04 19.13 21.53 226.12 
3 2 30 132.16 17.23 20.07 225.82 
3 1 30 152.67 20.18 21.06 273.97 
3 1 30 133.46 19.56 21.95 259.10 
3 1 30 137.47 20.77 21.63 256.21 
3 1 30 124.97 17.50 20.25 202.33 
3 1 30 144.12 21.59 20.34 233.54 
3 1 30 138.97 18.88 20.26 229.57 
3 1 30 127.83 18.05 19.88 217.45 
3 1 30 139.83 20.33 21.73 248.74 
3 1 30 134.28 18.65 20.49 225.17 
3 1 30 132.56 19.59 20.44 223.57 
3 1 30 149.07 20.26 21.78 228.29 
3 1 30 128.72 17.41 21.87 260.20 
3 1 30 120.12 19.56 21.95 259.10 
3 0 30 126.50 17.67 20.93 257.27 
3 0 30 146.90 20.38 21.95 259.56 
3 0 30 137.37 19.69 19.11 229.65 
3 0 30 146.05 18.94 20.49 240.39 
3 0 30 129.02 17.24 19.97 237.38 
3 0 30 140.34 19.13 22.21 263.46 
3 0 30 134.90 18.90 20.79 250.56 
3 0 30 138.97 18.88 20.26 229.57 
3 0 30 140.43 21.44 22.97 260.93 
3 0 30 136.62 19.33 20.17 237.04 
4 3 30 135.98 19.82 20.11 225.49 
4 3 30 141.08 20.36 20.93 229.83 
4 3 30 133.84 18.15 21.06 244.88 
4 3 30 136.75 18.41 20.27 236.94 
4 2 30 135.56 18.06 20.17 227.70 
4 2 30 140.43 21.44 22.97 260.93 
4 2 30 137.35 18.01 20.32 236.12 
4 2 30 134.00 18.06 21.13 222.69 
4 2 30 129.08 19.34 21.74 242.61 
4 1 30 120.84 18.87 21.80 254.47 
4 1 30 140.25 19.11 20.47 245.71 
4 1 30 129.99 17.64 19.98 221.64 
4 1 30 134.00 18.06 20.12 222.69 
4 1 30 138.50 19.00 21.91 227.85 
4 1 30 143.55 19.69 21.66 227.20 
4 1 30 133.10 21.00 21.75 258.21 
4 1 30 138.19 20.67 21.34 250.75 
4 0 30 138.91 18.00 20.36 241.13 
4 0 30 146.25 20.25 21.39 261.36 
4 0 30 132.89 19.16 21.31 257.77 
4 0 30 137.02 16.99 21.02 215.31 
4 0 30 133.36 19.31 20.46 231.37 
4 0 30 133.25 19.01 20.80 236.01 
4 0 30 134.00 18.06 20.12 222.69 
4 0 30 127.20 19.10 21.22 242.13 
4 0 30 133.36 19.31 20.46 254.51 
4 0 30 128.87 17.32 18.83 238.00 
4 0 30 133.96 18.90 20.51 230.55 
4 0 30 135.56 18.06 21.18 227.70 
4 0 30 139.67 21.00 22.01 278.42 
5 3 30 135.30 18.28 20.67 240.91 
5 3 30 136.17 18.58 21.49 236.37 
5 2 30 130.96 21.57 21.37 242.15 
5 2 30 136.25 18.53 21.01 247.79 
5 2 30 137.14 19.79 22.02 252.91 
5 2 30 128.80 18.64 21.03 245.71 
5 2 30 139.31 21.06 22.16 255.84 
5 1 30 138.00 19.75 21.57 244.31 
5 1 30 134.99 18.94 20.62 224.09 
5 1 30 143.55 19.69 21.66 227.20 
5 1 30 137.35 18.01 20.32 236.12 
5 1 30 135.37 18.24 20.70 229.81 
5 1 30 134.70 18.10 20.61 236.29 
5 1 30 131.54 18.70 21.44 232.65 
5 1 30 139.63 20.51 21.14 240.29 
5 1 30 140.76 20.90 21.95 245.38 
5 1 30 140.67 19.74 20.70 237.77 
5 1 30 136.16 18.23 18.20 232.32 
5 1 30 136.16 18.23 20.22 209.09 
5 1 30 133.92 18.10 21.10 233.79 
5 1 30 134.76 20.39 22.36 251.77 
5 0 30 135.77 18.94 20.14 226.60 
5 0 30 138.59 19.93 21.62 248.94 
5 0 30 132.53 19.58 20.93 234.05 
5 0 30 136.16 18.23 20.22 232.32 
5 0 30 137.46 19.25 21.00 237.36 
5 0 30 138.59 19.93 21.62 248.94 
5 0 30 139.56 18.87 23.00 227.45 
5 0 30 122.56 18.58 21.49 236.37 
5 0 30 135.30 18.28 20.67 240.91 
6 3 30 133.12 18.40 21.03 234.47 
6 3 30 135.73 18.43 21.08 238.64 
6 3 30 135.73 18.43 21.08 238.64 
6 3 30 132.05 18.46 20.85 243.31 
6 2 30 137.08 18.99 19.88 238.32 
6 2 30 136.25 19.01 21.36 241.36 
6 2 30 135.58 18.76 21.05 230.23 
6 2 30 140.20 20.71 21.55 242.84 
6 1 30 138.22 20.42 22.09 254.38 
6 1 30 132.97 19.22 21.53 249.31 
6 1 30 136.32 18.14 20.49 238.52 
6 1 30 137.19 20.45 21.75 246.03 
6 1 30 136.65 19.01 21.12 242.61 
6 1 30 138.90 19.76 21.36 245.34 
6 1 30 132.52 18.59 21.02 246.75 
6 1 30 137.01 19.58 21.39 246.07 
6 1 30 134.78 21.75 21.49 245.54 
6 1 30 133.57 20.07 21.43 239.26 
6 0 30 134.05 19.85 21.60 250.77 
6 0 30 134.05 19.85 19.44 275.85 
6 0 30 132.97 19.22 19.37 249.31 
6 0 30 133.57 20.07 21.43 239.26 
6 0 30 135.04 18.17 19.65 233.05 
6 0 30 135.63 18.06 20.71 234.95 
6 0 30 132.97 19.22 21.53 249.31 
6 0 30 136.68 18.99 21.14 237.06 
6 0 30 137.78 19.79 21.58 251.82 
6 0 30 131.36 20.21 21.07 239.75 
6 0 30 137.98 19.01 20.68 239.34 
6 0 30 137.14 19.79 22.02 252.91 
7 3 30 138.64 19.85 20.71 240.58 
7 3 30 134.43 18.41 21.05 236.55 
7 3 30 134.65 19.25 21.25 238.95 
7 2 30 134.13 18.51 21.05 242.69 
7 2 30 138.64 19.85 20.71 240.58 
7 2 30 135.06 18.99 23.33 240.27 
7 2 30 135.99 21.10 21.62 245.79 
7 2 30 136.03 18.28 20.78 238.58 
7 2 30 138.05 20.11 21.55 245.69 
7 1 30 132.05 18.46 20.85 243.31 
7 1 30 138.64 19.85 20.71 240.58 
7 1 30 136.29 18.58 20.93 239.94 
7 1 30 135.11 19.54 21.27 240.94 
7 1 30 137.08 18.99 21.87 238.32 
7 1 30 136.41 18.71 20.48 238.48 
7 1 30 132.05 18.46 20.85 243.31 
7 1 30 136.41 20.58 20.48 238.48 
7 1 30 149.92 18.58 20.93 239.94 
7 0 30 134.13 18.51 21.05 242.69 
7 0 30 136.45 19.01 21.24 241.99 
7 0 30 133.89 18.44 20.96 240.97 
7 0 30 134.53 20.92 21.12 244.69 
7 0 30 136.66 18.86 20.94 242.29 
7 0 30 133.89 18.44 23.06 240.97 
7 0 30 136.70 18.57 20.19 238.42 
7 0 30 135.37 19.51 21.56 250.56 
7 0 30 136.45 19.01 21.24 241.99 
7 0 30 134.43 20.26 21.05 236.55 
7 0 30 138.26 19.42 21.02 240.68 
7 0 30 137.08 18.99 19.88 238.32 
8 5 30 135.55 18.64 22.06 239.42 
8 3 30 137.56 19.55 21.71 242.00 
8 3 30 136.64 19.55 20.98 239.76 
8 3 30 136.58 19.83 21.41 243.31 
8 2 30 136.38 19.18 20.88 241.64 
8 2 30 134.86 19.12 22.29 239.61 
8 2 30 135.06 19.80 21.34 244.24 
8 2 30 135.27 19.54 20.77 240.59 
8 1 30 136.38 19.18 20.88 241.64 
8 1 30 134.65 19.25 21.25 238.95 
8 1 30 133.09 18.48 20.95 243.00 
8 1 30 135.47 18.91 21.09 239.44 
8 1 30 135.86 19.12 21.56 238.63 
8 1 30 137.46 19.21 20.82 240.26 
8 1 30 134.43 18.41 21.05 236.55 
8 1 30 134.43 18.41 21.05 236.55 
8 0 30 138.34 19.98 21.13 243.13 
8 0 30 136.64 19.55 23.08 239.76 
8 0 30 137.46 19.21 20.82 240.26 
8 0 30 134.54 18.83 21.15 237.75 
8 0 30 137.04 19.20 21.17 242.13 
8 0 30 150.74 19.20 21.17 242.13 
8 0 30 134.56 18.72 21.36 240.81 
8 0 30 136.24 19.26 21.30 241.12 
8 0 30 137.33 17.16 20.75 239.58 
8 0 30 138.64 19.85 20.71 240.58 
8 0 30 135.47 18.91 21.09 239.44 
8 0 30 135.34 19.15 20.78 241.94 
8 0 30 136.64 19.55 20.98 239.76 
8 0 30 138.64 19.85 20.71 240.58 
9 3 30 137.07 19.69 21.56 242.66 
9 2 30 135.52 19.21 21.07 240.29 
9 2 30 136.36 19.38 20.79 240.42 
9 2 30 137.07 21.66 21.56 242.66 
9 2 30 135.55 18.64 22.06 239.42 
9 2 30 137.07 19.69 21.56 242.66 
9 2 30 136.48 17.55 21.15 242.47 
9 1 30 136.48 19.50 21.15 242.47 
9 1 30 134.87 19.02 20.97 217.24 
9 1 30 136.06 19.23 21.73 241.37 
9 1 30 135.54 18.98 21.02 238.16 
9 1 30 136.55 19.09 21.88 240.71 
9 1 30 135.06 19.33 21.53 240.10 
9 1 30 135.85 21.64 21.16 242.00 
9 1 30 134.75 19.18 21.77 239.28 
9 1 30 136.61 19.69 21.20 241.54 
9 1 30 135.57 19.33 23.28 239.61 
9 1 30 135.30 19.22 21.70 241.83 
9 1 30 136.09 19.09 21.52 239.59 
9 1 30 135.61 19.54 21.33 241.13 
9 1 30 136.09 19.09 21.52 263.55 
9 1 30 136.51 19.36 20.93 240.70 
9 0 30 134.87 19.02 20.97 241.38 
9 0 30 134.43 18.41 21.05 236.55 
9 0 30 137.10 19.55 21.35 216.79 
9 0 30 133.76 18.45 21.00 239.78 
9 0 30 136.52 19.23 21.40 240.72 
9 0 30 136.06 19.23 21.04 239.60 
9 0 30 135.10 18.94 21.65 239.19 
9 0 30 135.41 19.09 21.41 240.00 
10 5 30 136.31 19.16 21.81 241.04 
10 3 30 136.58 19.39 21.54 241.12 
10 3 30 136.52 19.30 21.52 241.59 
10 2 30 135.53 18.93 19.41 239.86 
10 2 30 136.00 18.38 21.11 241.38 
10 2 30 135.54 18.81 21.54 238.79 
10 2 30 134.87 19.02 20.97 217.24 
10 1 30 136.08 19.16 21.63 240.48 
10 1 30 136.31 19.16 21.81 241.04 
10 1 30 135.63 19.27 21.35 239.99 
10 1 30 136.31 19.16 21.81 241.04 
10 1 30 136.79 20.51 21.25 241.68 
10 1 30 136.04 19.35 22.11 240.15 
10 1 30 135.46 20.49 19.21 241.05 
10 1 30 135.24 19.28 19.03 229.19 
10 1 30 135.42 19.14 21.64 239.44 
10 1 30 150.39 20.52 21.18 241.54 
10 1 30 136.29 18.32 21.33 241.03 
10 0 30 136.58 19.39 21.54 241.12 
10 0 30 136.30 19.33 21.29 240.41 
10 0 30 136.79 19.53 21.25 241.68 
10 0 30 135.83 21.13 22.40 239.60 
10 0 30 136.11 19.61 21.27 241.33 
10 0 30 135.65 19.14 21.83 240.00 
10 0 30 135.29 19.27 21.30 240.19 
10 0 30 136.31 20.15 23.99 241.04 
10 0 30 135.29 19.27 21.30 240.19 
10 0 30 136.00 18.38 21.11 241.38 
10 0 30 136.81 19.39 21.72 241.68 
10 0 30 136.48 17.55 21.15 242.47 
11 3 30 136.69 19.95 21.39 241.40 
11 3 30 135.63 19.27 21.35 239.99 
11 3 30 149.15 19.09 21.39 229.14 
11 3 30 135.05 19.15 20.00 223.22 
11 2 30 136.45 19.28 21.68 241.08 
11 2 30 135.92 18.99 21.67 239.92 
11 2 30 149.78 19.72 20.33 216.69 
11 2 30 136.14 18.35 21.22 241.21 
11 2 30 143.19 19.45 21.14 241.46 
11 2 30 136.17 19.25 21.96 240.60 
11 1 30 149.81 19.16 21.72 240.76 
11 1 30 136.41 19.23 21.66 241.32 
11 1 30 136.03 17.15 21.53 240.19 
11 1 30 135.59 19.09 21.39 229.14 
11 1 30 143.19 21.39 21.14 241.46 
11 1 30 136.31 19.16 21.81 241.04 
11 0 30 135.69 19.16 21.24 229.42 
11 0 30 136.06 17.24 20.47 240.49 
11 0 30 136.17 19.25 21.96 240.60 
11 0 30 143.35 19.84 21.49 241.29 
11 0 30 136.55 19.34 21.53 241.36 
11 0 30 136.31 19.16 21.81 241.04 
11 0 30 136.29 18.32 21.33 241.03 
11 0 30 136.41 19.23 21.66 241.32 
11 0 30 135.92 19.04 20.61 240.45 
11 0 30 142.96 19.72 20.29 240.70 
11 0 30 136.02 19.11 20.46 240.73 
11 0 30 136.31 19.16 21.81 241.04 
11 0 30 135.49 19.71 19.31 240.45 
11 0 30 135.59 19.09 21.39 229.14 
12 3 30 135.32 19.12 20.69 226.18 
12 3 30 136.41 19.23 21.66 241.32 
12 2 30 139.94 19.70 19.14 241.43 
12 2 30 136.16 19.61 21.37 216.63 
12 2 30 136.43 19.60 21.68 241.00 
12 2 30 143.25 17.60 21.56 241.08 
12 2 30 142.64 18.72 21.30 235.17 
12 2 30 136.50 19.56 21.60 241.22 
12 2 30 136.16 19.61 21.37 240.69 
12 2 30 142.96 19.03 20.77 228.95 
12 2 30 135.78 19.13 21.51 239.95 
12 1 30 142.71 19.50 20.84 228.34 
12 1 30 136.43 19.60 21.68 241.00 
12 1 30 135.68 19.15 20.91 232.13 
12 1 30 122.28 19.55 20.70 232.31 
12 1 30 136.14 19.52 21.39 235.27 
12 1 30 142.10 19.12 20.69 226.18 
12 0 30 149.46 19.40 20.86 222.92 
12 0 30 142.39 19.18 21.37 234.57 
12 0 30 139.12 19.30 20.57 232.34 
12 0 30 142.10 19.12 20.69 226.18 
12 0 30 135.87 21.50 20.70 232.31 
12 0 30 142.59 18.12 19.31 234.67 
12 0 30 135.60 18.75 20.61 232.21 
12 0 30 142.66 19.17 21.67 234.87 
12 0 30 149.15 19.09 21.39 229.14 
12 0 30 142.42 19.43 20.16 219.95 
12 0 30 135.95 19.13 21.60 235.09 
12 0 30 135.34 19.21 20.68 231.60 
12 0 30 142.37 19.09 21.39 229.14 
13 4 30 128.80 19.33 20.70 229.24 
13 4 30 128.80 19.33 20.70 229.24 
13 3 30 139.84 18.60 21.62 241.04 
13 3 30 136.46 19.58 21.64 241.11 
13 2 30 139.70 19.32 21.22 234.97 
13 2 30 138.18 19.46 20.40 241.37 
13 2 30 139.21 18.93 21.41 237.56 
13 1 30 135.55 19.12 21.10 233.07 
13 1 30 138.22 19.63 20.37 241.33 
13 1 30 122.17 19.36 21.03 221.40 
13 1 30 132.62 19.29 20.74 230.63 
13 1 30 139.56 19.32 21.07 222.79 
13 1 30 135.78 19.13 21.51 239.95 
13 1 30 139.83 18.42 21.61 265.32 
13 1 30 138.05 19.66 18.23 241.06 
13 1 30 141.59 18.65 20.35 241.26 
13 1 30 136.33 19.58 21.49 228.92 
13 0 30 141.29 19.21 20.22 238.30 
13 0 30 139.39 19.12 21.35 235.22 
13 0 30 136.42 19.42 21.67 241.16 
13 0 30 139.21 18.93 21.41 213.81 
13 0 30 136.45 19.39 23.80 241.27 
13 0 30 139.54 19.16 21.49 238.09 
13 0 30 135.88 19.36 21.19 233.59 
13 0 30 135.88 19.36 21.19 233.59 
13 0 30 141.32 19.60 19.99 234.89 
13 0 30 142.96 19.03 20.77 228.95 
13 0 30 138.05 19.66 20.26 229.03 
13 0 30 139.56 19.36 21.25 234.83 
13 0 30 138.22 21.59 20.37 241.33 
14 3 30 133.51 19.48 20.53 235.28 
14 2 30 134.18 19.33 18.80 226.02 
14 2 30 139.70 19.32 21.22 234.97 
14 2 30 134.32 18.97 21.16 235.14 
14 2 30 121.09 19.44 21.19 235.87 
14 2 30 147.75 18.97 21.16 235.14 
14 2 30 137.32 19.52 21.02 217.12 
14 2 30 136.40 19.58 21.56 258.52 
14 1 30 138.69 19.20 18.81 239.47 
14 1 30 128.80 19.33 20.70 229.24 
14 1 30 133.49 19.40 20.55 235.31 
14 1 30 139.21 20.82 21.41 237.56 
14 1 30 143.19 19.41 20.72 231.39 
14 1 30 132.57 19.46 21.09 229.08 
14 1 30 137.80 18.77 21.56 252.63 
14 1 30 138.08 19.09 21.55 234.98 
14 1 30 134.54 19.44 21.19 235.87 
14 1 30 130.86 19.34 21.05 222.09 
14 1 30 137.84 19.25 21.52 239.34 
14 1 30 134.32 18.87 21.15 247.28 
14 1 30 132.57 19.46 21.09 229.08 
14 0 30 137.81 18.87 21.56 240.50 
14 0 30 139.45 19.12 21.32 236.27 
14 0 30 137.77 19.25 21.45 233.24 
14 0 30 134.25 19.33 20.96 232.11 
14 0 30 131.00 18.89 21.32 243.36 
14 0 30 128.80 19.33 20.70 229.24 
14 0 30 139.63 19.32 21.15 228.88 
14 0 30 137.26 19.62 19.94 241.09 
14 0 30 128.80 19.33 18.63 229.24 
15 5 30 137.10 19.18 21.56 255.58 
15 3 30 134.09 19.43 21.04 219.61 
15 3 30 129.59 17.34 21.37 235.43 
15 3 30 134.95 19.53 21.05 246.90 
15 2 30 137.56 19.15 21.29 234.88 
15 2 30 138.51 19.42 23.23 226.05 
15 2 30 136.08 19.06 21.34 243.31 
15 1 30 137.12 19.42 21.54 248.93 
15 1 30 130.68 19.40 20.89 229.16 
15 1 30 134.25 19.15 19.98 207.52 
15 1 30 132.60 19.46 21.13 243.88 
15 1 30 136.94 19.32 20.01 230.49 
15 1 30 137.56 19.15 21.29 234.88 
15 1 30 138.89 19.21 21.39 234.98 
15 1 30 147.75 18.97 21.16 235.14 
15 1 30 136.06 18.82 21.36 249.96 
15 1 30 136.06 18.82 19.22 249.96 
15 0 30 140.02 19.42 20.87 235.59 
15 0 30 134.25 19.33 18.86 232.11 
15 0 30 135.82 19.24 21.09 226.13 
15 0 30 136.60 19.40 20.88 235.13 
15 0 30 131.15 19.37 20.62 232.28 
15 0 30 134.36 19.38 19.99 230.94 
15 0 30 138.51 19.42 21.12 226.05 
15 0 30 130.39 19.38 21.21 235.42 
15 0 30 134.25 19.15 19.98 230.58 
15 0 30 139.19 19.26 20.02 237.22 
15 0 30 136.51 19.08 19.99 237.30 
15 0 30 138.89 19.21 21.39 234.98 
15 0 30 133.83 19.36 19.67 230.66 
16 4 30 133.34 18.26 21.47 245.50 
16 2 30 147.66 18.27 21.38 235.20 
16 2 30 134.86 19.44 21.34 246.40 
16 2 30 135.51 19.18 21.20 273.27 
16 2 30 133.34 18.26 21.47 245.50 
16 2 30 135.91 19.15 20.63 221.20 
16 2 30 136.59 19.12 21.45 249.44 
16 2 30 134.52 21.43 21.04 233.25 
16 2 30 137.33 19.16 21.43 245.23 
16 2 30 136.58 19.00 20.39 252.77 
16 2 30 135.51 21.09 21.20 248.43 
16 1 30 135.60 19.31 21.30 237.59 
16 1 30 133.42 19.30 20.55 225.70 
16 1 30 142.43 20.98 21.36 245.36 
16 1 30 138.67 18.15 21.26 235.28 
16 1 30 135.08 19.25 21.19 231.46 
16 1 30 133.35 18.38 21.46 242.18 
16 0 30 122.92 19.00 20.39 252.77 
16 0 30 122.35 19.43 20.53 238.70 
16 0 30 142.66 19.06 21.22 235.01 
16 0 30 129.59 17.34 21.37 235.43 
16 0 30 142.43 19.19 21.35 242.03 
16 0 30 132.82 18.08 20.30 242.69 
16 0 30 134.33 19.14 21.24 246.92 
16 0 30 133.81 19.36 20.45 229.83 
16 0 30 137.33 19.16 21.43 245.23 
16 0 30 134.24 18.27 21.38 235.20 
16 0 30 131.84 18.39 21.20 204.76 
16 0 30 134.05 18.38 22.30 230.74 
16 0 30 133.42 19.30 20.55 225.70 
17 3 30 143.17 18.21 21.32 211.72 
17 2 30 134.47 20.20 20.88 237.06 
17 2 30 134.97 16.87 21.45 245.81 
17 2 30 134.63 18.70 21.05 233.35 
17 2 30 136.05 18.73 23.00 230.49 
17 2 30 136.96 19.08 20.91 249.00 
17 2 30 141.58 18.72 21.29 254.24 
17 2 30 134.86 19.44 21.34 221.76 
17 1 30 127.91 18.70 21.41 242.32 
17 1 30 135.51 19.18 23.32 273.27 
17 1 30 142.12 18.64 20.89 243.98 
17 1 30 142.12 18.64 20.89 243.98 
17 1 30 134.97 18.69 21.46 247.47 
17 1 30 141.26 18.85 21.36 240.80 
17 1 30 134.52 21.43 21.04 233.25 
17 1 30 135.18 20.27 21.27 247.42 
17 1 30 135.38 19.23 20.99 235.46 
17 1 30 133.93 19.84 21.25 239.38 
17 1 30 134.10 18.85 21.40 245.95 
17 1 30 136.42 19.17 21.31 259.25 
17 1 30 136.24 19.07 20.51 236.98 
17 0 30 135.71 20.12 20.92 234.81 
17 0 30 136.01 18.20 23.50 240.39 
17 0 30 137.33 19.16 19.28 245.23 
17 0 30 133.93 19.84 21.25 239.38 
17 0 30 136.09 19.15 18.76 269.70 
17 0 30 134.43 18.72 21.33 259.39 
17 0 30 134.63 18.70 21.05 233.35 
17 0 30 138.67 18.15 21.26 235.28 
17 0 30 139.88 20.07 21.39 245.29 
18 3 30 139.61 18.47 22.16 221.11 
18 3 30 138.32 20.03 23.06 238.62 
18 3 30 135.52 20.83 21.18 221.67 
18 2 30 139.07 17.54 21.39 228.76 
18 2 30 139.54 18.86 20.90 246.49 
18 2 30 139.01 18.82 21.33 216.74 
18 2 30 142.21 18.53 21.34 226.26 
18 2 30 134.99 19.29 22.13 234.93 
18 1 30 135.71 19.64 20.89 243.03 
18 1 30 142.64 18.42 21.10 227.85 
18 1 30 134.74 19.07 21.19 227.56 
18 1 30 138.48 18.98 21.14 244.85 
18 1 30 135.64 19.30 21.33 240.51 
18 1 30 134.97 17.78 21.46 246.64 
18 1 30 135.34 18.71 22.02 231.92 
18 1 30 134.28 19.52 21.14 241.51 
18 1 30 136.05 18.73 23.00 230.49 
18 1 30 134.45 18.36 21.35 242.59 
18 1 30 139.70 18.64 20.92 224.35 
18 0 30 134.74 19.07 21.19 227.56 
18 0 30 139.00 18.95 21.30 256.74 
18 0 30 135.17 18.05 21.22 240.64 
18 0 30 135.12 19.33 21.16 228.61 
18 0 30 139.27 18.72 23.27 223.59 
18 0 30 138.03 19.46 21.08 245.65 
18 0 30 138.55 15.98 21.17 244.90 
18 0 30 135.35 19.64 20.70 237.02 
18 0 30 134.36 18.77 21.23 239.65 
18 0 30 135.26 19.46 21.94 233.78 
18 0 30 135.52 18.94 21.18 246.30 
19 4 30 139.66 18.56 21.54 222.73 
19 4 30 135.35 17.52 21.51 238.98 
19 3 30 135.67 19.47 21.11 217.59 
19 2 30 127.01 18.45 23.79 224.48 
19 2 30 137.00 19.06 21.73 225.84 
19 2 30 137.66 19.05 21.53 232.07 
19 2 30 138.67 19.43 22.19 227.68 
19 2 30 139.04 18.18 21.36 222.75 
19 2 30 141.09 18.64 21.00 237.17 
19 1 30 138.87 19.68 21.26 223.96 
19 1 30 138.87 19.68 21.26 223.96 
19 1 30 139.30 18.20 21.14 213.86 
19 1 30 135.26 20.06 21.65 228.30 
19 1 30 134.90 20.18 21.16 231.59 
19 1 30 140.48 19.23 22.08 233.24 
19 1 30 135.25 19.31 21.32 234.15 
19 0 30 137.03 18.41 21.76 231.85 
19 0 30 139.35 18.58 22.05 229.17 
19 0 30 136.98 19.67 22.19 239.56 
19 0 30 137.25 18.32 21.18 246.57 
19 0 30 137.03 18.41 21.76 231.85 
19 0 30 137.00 19.06 21.73 225.84 
19 0 30 137.83 18.60 22.58 225.80 
19 0 30 137.53 19.84 21.04 234.08 
19 0 30 138.67 19.43 24.41 227.68 
19 0 30 136.91 18.85 21.58 238.39 
19 0 30 139.30 18.20 21.14 237.63 
19 0 30 138.60 18.91 21.73 230.60 
19 0 30 136.38 19.25 21.14 243.18 
19 0 30 138.33 18.45 21.35 234.43 
20 3 30 136.67 19.26 21.32 224.83 
20 3 30 136.45 19.18 21.42 233.11 
20 3 30 138.33 18.81 21.63 224.28 
20 2 30 137.67 19.01 21.32 220.16 
20 2 30 135.51 18.49 21.31 228.29 
20 2 30 136.18 18.29 21.62 232.41 
20 2 30 137.28 19.37 21.35 227.16 
20 1 30 131.13 19.25 22.72 226.39 
20 1 30 136.13 19.56 21.69 227.07 
20 1 30 137.00 19.06 21.73 225.84 
20 1 30 137.01 18.47 21.85 233.33 
20 1 30 138.77 19.56 21.73 225.82 
20 1 30 139.66 18.56 21.54 222.73 
20 1 30 138.38 19.06 21.05 227.38 
20 1 30 139.17 18.19 21.25 240.14 
20 1 30 137.33 19.05 21.63 228.95 
20 1 30 137.67 19.01 21.32 220.16 
20 1 30 138.95 18.93 21.31 223.36 
20 1 30 139.09 18.94 19.08 218.91 
20 1 30 137.27 19.58 21.19 220.78 
20 0 30 138.38 19.06 21.05 227.38 
20 0 30 131.18 17.98 22.65 231.73 
20 0 30 131.18 17.98 22.65 231.73 
20 0 30 135.25 19.68 21.49 231.23 
20 0 30 139.48 18.38 21.34 218.30 
20 0 30 137.36 18.83 21.23 220.17 
20 0 30 138.08 19.35 21.60 225.41 
20 0 30 135.30 18.79 21.58 233.64 
20 0 30 136.46 19.56 21.59 253.20 
20 0 30 135.30 18.79 21.58 233.64 
21 4 30 136.73 18.83 21.48 229.78 
21 3 30 136.70 19.46 21.52 227.11 
21 2 30 133.90 19.26 22.02 225.61 
21 2 30 136.86 19.38 21.30 226.94 
21 2 30 135.82 19.03 21.50 227.68 
21 2 30 134.73 19.03 22.18 225.34 
21 2 30 136.09 18.88 21.31 226.56 
21 2 30 137.42 19.12 21.24 230.25 
21 2 30 136.56 19.22 21.37 228.97 
21 1 30 137.80 19.09 21.49 225.72 
21 1 30 134.40 19.13 22.02 223.27 
21 1 30 138.66 18.79 21.43 221.44 
21 1 30 138.00 18.91 21.48 222.22 
21 1 30 137.88 19.31 21.73 225.83 
21 1 30 135.04 19.09 22.02 224.87 
21 1 30 137.00 19.16 21.47 226.89 
21 1 30 137.30 19.32 21.41 224.87 
21 1 30 136.84 18.87 21.59 229.08 
21 0 30 133.32 18.87 22.02 227.34 
21 0 30 137.67 18.24 21.43 236.27 
21 0 30 137.50 19.03 21.48 224.56 
21 0 30 138.93 19.25 20.40 222.37 
21 0 30 137.14 19.02 21.52 227.05 
21 0 30 137.66 18.93 21.68 225.06 
21 0 30 137.39 18.99 21.53 228.70 
21 0 30 138.22 19.28 21.53 222.99 
21 0 30 137.58 18.53 19.28 225.51 
21 0 30 139.13 18.57 20.17 229.53 
21 0 30 137.63 16.75 20.35 225.66 
21 0 30 137.30 19.32 21.41 224.87 
22 5 30 136.41 19.09 21.49 227.28 
22 3 30 135.56 18.98 21.75 226.53 
22 2 30 136.93 19.27 21.39 226.92 
22 2 30 136.31 19.17 21.95 225.58 
22 2 30 137.68 19.12 21.48 224.28 
22 2 30 137.33 19.23 21.40 226.33 
22 2 30 137.21 19.14 21.36 228.57 
22 2 30 135.72 19.25 21.85 226.23 
22 2 30 136.28 19.02 21.73 223.53 
22 1 30 135.23 19.24 21.70 204.56 
22 1 30 134.57 19.08 22.10 224.31 
22 1 30 137.29 19.38 21.62 226.47 
22 1 30 136.85 19.31 21.50 227.00 
22 1 30 136.73 18.83 21.48 229.78 
22 1 30 136.09 18.88 21.31 226.56 
22 1 30 135.23 21.16 21.70 227.29 
22 1 30 137.08 19.35 21.35 225.91 
22 0 30 136.63 19.34 23.59 228.04 
22 0 30 123.62 19.22 21.32 227.56 
22 0 30 137.36 19.22 21.32 227.56 
22 0 30 136.86 18.99 21.48 228.34 
22 0 30 136.27 18.93 21.49 228.73 
22 0 30 135.63 19.26 21.66 225.11 
22 0 30 136.79 19.10 21.39 228.36 
22 0 30 136.23 19.11 21.63 227.56 
22 0 30 137.35 19.19 21.50 224.67 
22 0 30 137.44 19.23 19.44 226.36 
22 0 30 137.07 18.97 21.36 230.02 
22 0 30 136.71 19.30 21.34 227.96 
22 0 30 135.28 20.93 21.84 226.51 
23 3 30 136.34 17.15 21.61 225.41 
23 3 30 135.94 19.07 21.85 226.06 
23 3 30 135.99 19.04 21.62 226.91 
23 2 30 123.30 19.15 21.71 224.93 
23 2 30 136.81 19.13 21.56 224.93 
23 2 30 135.64 19.11 21.80 226.38 
23 2 30 136.69 19.13 21.47 226.52 
23 2 30 122.71 19.06 21.61 225.41 
23 2 30 136.98 19.07 21.60 223.90 
23 2 30 137.51 21.10 21.44 225.31 
23 1 30 136.85 19.24 21.56 226.88 
23 1 30 136.74 19.08 21.54 226.05 
23 1 30 136.81 19.13 21.56 224.93 
23 1 30 149.87 19.12 21.57 226.72 
23 1 30 136.36 19.13 21.72 226.43 
23 1 30 136.28 19.28 21.67 226.61 
23 1 30 136.62 19.05 21.61 225.40 
23 0 30 136.25 18.99 21.40 226.92 
23 0 30 137.45 19.13 21.42 226.42 
23 0 30 136.51 19.07 21.35 226.74 
23 0 30 123.14 19.20 21.68 225.96 
23 0 30 136.04 20.24 21.60 227.15 
23 0 30 135.23 21.16 21.70 227.29 
23 0 30 136.25 18.99 21.40 226.92 
23 0 30 136.63 19.20 21.49 227.14 
23 0 30 136.22 20.15 21.53 205.14 
23 0 30 135.56 17.08 19.58 226.53 
23 0 30 136.06 19.17 21.67 226.76 
23 0 30 122.91 18.96 21.49 228.53 
23 0 30 136.89 19.29 23.59 249.66 
24 4 30 136.60 18.19 21.58 226.14 
24 3 30 136.68 19.07 21.58 225.73 
24 3 30 136.58 19.13 21.64 225.68 
24 3 30 136.93 19.12 21.52 225.36 
24 2 30 136.75 20.07 21.53 226.11 
24 2 30 136.58 18.14 21.58 225.17 
24 2 30 136.34 19.08 21.54 226.71 
24 2 30 135.94 19.07 21.85 226.06 
24 2 30 130.05 19.14 21.64 224.93 
24 2 30 129.82 18.15 21.66 225.17 
24 1 30 136.34 17.15 21.61 225.41 
24 1 30 130.07 19.19 21.63 225.90 
24 1 30 136.93 19.12 21.52 225.36 
24 1 30 136.34 19.08 21.54 226.71 
24 1 30 129.64 19.09 21.67 225.92 
24 0 30 122.76 19.08 21.59 225.92 
24 0 30 136.78 19.10 21.55 248.04 
24 0 30 136.37 19.10 21.71 225.49 
24 0 30 136.14 18.11 21.73 225.73 
24 0 30 136.80 19.06 21.61 224.65 
24 0 30 129.85 19.06 21.60 224.65 
24 0 30 136.85 19.24 21.56 226.88 
24 0 30 135.99 19.04 21.62 226.91 
24 0 30 117.10 20.08 21.52 225.36 
24 0 30 129.85 19.06 21.60 224.65 
24 0 30 129.82 18.15 21.66 225.17 
24 0 30 129.50 19.17 21.64 226.01 
24 0 30 136.98 19.07 21.60 223.90 
24 0 30 136.31 18.21 21.64 226.01 
24 0 30 136.17 18.09 21.61 226.16 
25 5 30 136.27 18.63 21.72 226.10 
25 3 30 136.72 19.57 21.55 225.92 
25 2 30 133.28 19.11 21.59 225.64 
25 2 30 136.63 19.10 21.53 226.03 
25 2 30 136.72 19.57 21.55 248.51 
25 2 30 136.46 16.33 21.62 225.54 
25 2 30 136.59 18.17 21.58 225.65 
25 2 30 136.27 18.63 21.72 226.10 
25 2 30 136.26 19.10 21.75 225.87 
25 1 30 129.95 18.67 21.65 225.54 
25 1 30 136.31 19.07 21.72 225.89 
25 1 30 136.60 18.19 21.58 226.14 
25 1 30 136.34 19.57 21.69 226.08 
25 1 30 136.34 18.12 21.58 226.06 
25 1 30 133.50 19.16 21.58 225.63 
25 1 30 136.26 18.61 21.72 225.61 
25 1 30 133.50 19.16 21.58 225.63 
25 0 30 136.63 16.74 21.58 225.45 
25 0 30 136.59 18.66 21.61 225.91 
25 0 30 136.80 21.00 21.55 225.54 
25 0 30 132.88 18.61 21.76 225.61 
25 0 30 132.99 19.10 21.75 225.49 
25 0 30 136.76 18.66 21.55 225.75 
25 0 30 133.31 18.64 21.61 202.54 
25 0 30 133.21 18.17 21.62 225.66 
25 0 30 136.64 18.63 19.42 225.93 
25 0 30 136.59 18.66 21.61 225.91 
25 0 30 133.20 18.64 21.65 225.43 
25 0 30 136.60 18.19 21.58 226.14 
25 0 30 136.46 19.11 21.59 226.20 
26 4 30 133.11 18.65 21.68 225.82 
26 3 30 136.49 19.10 21.64 226.01 
26 3 30 133.11 18.65 21.68 225.82 
26 3 30 136.67 19.33 21.54 237.27 
26 2 30 121.50 19.34 21.57 225.78 
26 2 30 136.36 17.71 21.69 225.71 
26 2 30 134.94 18.64 21.59 225.65 
26 2 30 136.30 19.10 21.70 226.09 
26 2 30 136.66 18.88 21.57 226.03 
26 1 30 136.37 17.48 21.67 225.82 
26 1 30 133.50 19.16 21.58 225.63 
26 1 30 135.07 19.13 21.56 225.83 
26 1 30 133.11 18.65 19.51 225.82 
26 1 30 136.27 18.63 21.72 226.10 
26 1 30 136.27 18.63 21.72 226.10 
26 1 30 136.59 17.95 21.59 225.73 
26 0 30 136.46 16.33 21.62 225.54 
26 0 30 134.78 18.87 21.66 225.87 
26 0 30 136.27 18.63 21.72 226.10 
26 0 30 136.45 18.87 21.63 203.46 
26 0 30 136.37 17.48 19.50 225.82 
26 0 30 136.45 18.62 21.65 225.77 
26 0 30 134.94 18.64 21.59 225.65 
26 0 30 136.27 18.63 21.72 226.10 
26 0 30 136.49 19.09 21.64 237.06 
26 0 30 136.36 17.71 21.69 225.71 
26 0 30 136.30 18.61 21.66 225.96 
26 0 30 134.98 17.74 21.60 225.59 
26 0 30 136.44 18.85 21.63 225.82 
26 0 30 136.43 18.40 21.65 225.88 
27 4 30 134.80 18.88 21.66 248.50 
27 3 30 134.73 18.18 23.85 225.76 
27 3 30 136.58 19.22 21.59 231.64 
27 3 30 127.30 18.99 21.63 225.80 
27 2 30 136.57 18.99 21.60 226.02 
27 2 30 136.38 18.87 21.68 226.05 
27 2 30 133.11 18.65 21.68 225.82 
27 2 30 127.30 18.99 21.63 225.80 
27 1 30 127.30 18.99 21.63 225.80 
27 1 30 136.62 18.41 21.58 225.88 
27 1 30 136.40 19.10 21.67 226.05 
27 1 30 136.33 18.29 21.69 225.96 
27 1 30 134.80 18.88 21.66 225.91 
27 1 30 134.22 18.90 21.58 225.64 
27 1 30 133.30 18.90 21.63 248.30 
27 1 30 134.90 19.13 21.64 225.86 
27 1 30 134.88 18.77 21.62 225.92 
27 0 30 135.09 21.17 21.56 231.45 
27 0 30 136.67 19.11 21.56 231.65 
27 0 30 127.30 18.99 21.63 225.80 
27 0 30 134.80 18.88 21.66 225.91 
27 0 30 133.11 18.65 21.68 225.82 
27 0 30 134.71 18.88 21.69 225.95 
27 0 30 135.71 18.87 21.61 225.83 
27 0 30 133.30 18.90 21.63 225.72 
27 0 30 136.57 18.99 21.60 226.02 
27 0 30 135.09 19.25 21.56 231.45 
27 0 30 135.87 19.23 21.55 208.40 
27 0 30 134.22 18.90 23.74 225.64 
27 0 30 127.30 18.99 21.63 225.80 
28 3 30 130.76 18.95 21.61 225.72 
28 3 30 134.85 20.90 21.65 237.18 
28 2 30 131.82 18.64 21.66 225.88 
28 2 30 134.77 18.53 22.76 225.84 
28 2 30 135.59 18.87 21.67 225.98 
28 2 30 136.45 18.64 21.64 225.99 
28 2 30 133.95 18.76 21.67 237.16 
28 2 30 135.69 18.93 21.63 225.97 
28 2 30 136.58 19.10 21.60 228.83 
28 1 30 127.30 18.99 23.79 225.80 
28 1 30 131.05 18.93 21.64 225.86 
28 1 30 136.37 18.70 21.68 203.40 
28 1 30 134.80 18.88 21.66 237.21 
28 1 30 131.05 18.93 21.64 237.15 
28 1 30 133.95 18.76 21.67 237.16 
28 1 30 134.80 18.88 21.66 237.21 
28 1 30 131.05 18.93 21.64 225.86 
28 1 30 131.05 18.93 21.64 237.15 
28 1 30 136.39 18.98 21.67 226.05 
28 0 30 135.73 18.88 19.45 225.97 
28 0 30 136.48 18.93 19.47 226.04 
28 0 30 135.61 18.53 21.66 225.94 
28 0 30 131.09 18.88 21.63 225.86 
28 0 30 135.69 19.05 21.62 228.78 
28 0 30 135.40 17.15 21.59 228.64 
28 0 30 122.83 18.93 21.64 226.04 
28 0 30 134.48 18.54 22.72 248.27 
28 0 30 134.02 18.54 22.74 237.03 
28 0 30 131.05 18.93 21.64 225.86 
28 0 30 135.69 19.05 21.62 264.08 
29 4 30 149.58 18.78 21.67 214.69 
29 3 30 136.08 18.99 21.63 227.41 
29 3 30 130.76 18.95 21.61 203.15 
29 2 30 136.07 18.79 23.80 225.98 
29 2 30 135.71 20.00 21.62 233.01 
29 2 30 135.58 18.79 21.67 220.31 
29 2 30 135.65 19.77 21.65 231.58 
29 1 30 135.59 18.93 21.67 231.63 
29 1 30 130.63 18.88 22.73 231.48 
29 1 30 127.30 18.99 23.79 225.80 
29 1 30 132.95 17.93 21.65 237.17 
29 1 30 135.17 18.87 21.67 254.77 
29 1 30 133.81 19.02 21.62 227.34 
29 1 30 134.40 19.83 21.66 237.17 
29 1 30 134.82 19.89 21.65 237.20 
29 1 30 135.17 18.87 21.67 231.61 
29 1 30 132.95 19.92 21.65 237.17 
29 1 30 135.27 19.92 21.64 231.57 
29 1 30 132.91 16.86 19.98 225.85 
29 0 30 136.48 19.04 21.63 227.44 
29 0 30 133.71 18.82 21.66 220.28 
29 0 30 131.82 18.64 21.66 225.88 
29 0 30 148.30 18.85 21.65 231.56 
29 0 30 133.17 18.91 21.64 225.85 
29 0 30 132.95 19.92 21.65 231.52 
29 0 30 132.76 18.74 22.18 225.78 
29 0 30 131.44 18.79 21.65 225.87 
29 0 30 120.96 19.83 21.66 237.17 
29 0 30 133.72 18.96 21.66 231.60 
29 0 30 134.20 18.87 21.63 227.35 
30 3 30 135.45 19.44 23.81 232.30 
30 3 30 142.83 18.89 21.65 198.94 
30 2 30 135.83 18.79 22.73 223.14 
30 2 30 134.33 19.96 21.63 235.09 
30 2 30 135.83 18.89 21.65 223.86 
30 2 30 142.58 18.86 21.67 223.16 
30 2 30 135.63 18.93 21.65 241.09 
30 2 30 132.22 18.95 22.18 229.41 
30 2 30 132.97 18.91 21.64 228.96 
30 2 30 133.21 19.36 21.63 217.37 
30 1 30 135.05 19.90 21.65 234.38 
30 1 30 142.20 19.34 21.66 225.94 
30 1 30 127.30 18.99 23.79 225.80 
30 1 30 142.37 18.83 21.67 234.73 
30 1 30 136.08 18.99 21.63 227.41 
30 1 30 135.68 19.45 21.64 229.49 
30 1 30 135.24 19.41 21.65 232.29 
30 1 30 134.04 17.87 20.83 240.31 
30 0 30 141.99 19.31 21.67 225.93 
30 0 30 134.30 19.85 21.65 234.38 
30 0 30 135.24 17.47 21.65 232.29 
30 0 30 140.17 18.86 21.64 208.92 
30 0 30 135.83 18.79 22.73 223.14 
30 0 30 134.25 17.82 20.82 223.08 
30 0 30 131.79 18.40 22.19 234.32 
30 0 30 133.17 18.87 21.64 211.73 
30 0 30 141.24 17.82 20.83 220.27 
30 0 30 140.17 18.86 21.64 208.92 
30 0 30 133.21 19.36 21.63 195.63 
30 0 30 135.68 19.89 21.63 232.30 
31 4 30 139.14 19.16 22.73 215.62 
31 3 30 135.07 18.94 22.72 212.37 
31 2 30 139.10 18.81 22.20 228.94 
31 2 30 135.83 18.79 22.73 223.14 
31 2 30 131.56 18.89 23.26 224.47 
31 2 30 134.75 18.65 22.32 236.30 
31 2 30 134.33 19.96 21.63 235.09 
31 2 30 134.21 19.17 25.00 230.63 
31 2 30 122.09 19.19 21.64 235.29 
31 1 30 139.21 18.87 21.66 223.51 
31 1 30 135.08 19.42 21.64 229.47 
31 1 30 142.71 18.87 21.66 211.05 
31 1 30 134.32 19.18 21.64 229.22 
31 1 30 134.65 19.17 21.63 222.39 
31 1 30 135.44 19.40 21.65 229.12 
31 1 30 135.34 19.42 21.65 237.74 
31 1 30 139.10 18.86 21.66 229.29 
31 1 30 138.94 19.39 21.65 216.66 
31 0 30 134.69 19.93 21.64 234.74 
31 0 30 133.92 18.94 21.91 235.25 
31 0 30 135.36 19.68 21.64 231.94 
31 0 30 138.58 19.42 21.64 217.02 
31 0 30 139.14 19.16 22.73 215.62 
31 0 30 134.03 18.92 21.91 226.63 
31 0 30 133.77 19.66 21.63 226.23 
31 0 30 132.71 19.15 21.90 223.39 
31 0 30 134.75 18.65 22.32 236.30 
31 0 30 134.33 19.40 22.72 224.83 
31 0 30 134.89 19.70 22.72 233.69 
31 0 30 133.50 18.39 21.23 234.63 
32 3 30 134.91 16.92 22.52 224.34 
32 3 30 135.45 18.86 22.73 239.53 
32 2 30 134.75 18.65 20.08 236.30 
32 2 30 130.65 19.03 21.65 229.40 
32 2 30 137.08 18.87 22.46 220.65 
32 2 30 135.35 19.03 23.00 220.05 
32 2 30 135.02 18.98 23.86 226.88 
32 2 30 135.33 18.85 22.73 226.70 
32 2 30 137.08 18.87 22.46 220.65 
32 2 30 132.89 19.03 24.13 227.55 
32 1 30 133.32 18.91 22.99 218.42 
32 1 30 135.33 18.85 22.73 226.70 
32 1 30 137.46 18.80 20.22 248.64 
32 1 30 135.21 19.42 21.65 233.60 
32 1 30 135.08 19.42 21.64 229.47 
32 1 30 136.89 19.17 22.18 219.00 
32 1 30 136.68 19.17 23.86 223.13 
32 1 30 130.61 19.18 22.19 225.46 
32 0 30 134.86 19.30 21.64 225.93 
32 0 30 135.07 18.98 22.19 226.18 
32 0 30 134.82 19.28 23.32 229.87 
32 0 30 128.20 19.19 21.64 232.26 
32 0 30 134.33 19.96 21.63 235.09 
32 0 30 137.08 18.87 22.46 220.65 
32 0 30 135.02 18.98 23.86 226.88 
32 0 30 134.71 19.69 21.64 232.28 
32 0 30 128.76 19.29 21.65 232.20 
32 0 30 135.39 19.41 21.65 233.43 
32 0 30 132.89 19.03 24.13 227.55 
32 0 30 130.51 19.29 21.65 225.98 
33 4 30 134.11 18.94 23.43 249.84 
33 3 30 136.05 18.93 23.16 223.77 
33 2 30 135.35 19.03 23.00 220.05 
33 2 30 133.75 19.17 22.18 222.23 
33 2 30 132.91 19.30 21.92 229.53 
33 2 30 136.05 18.93 23.16 223.77 
33 2 30 136.01 19.10 23.43 221.59 
33 2 30 132.70 18.84 20.87 232.85 
33 2 30 135.35 19.03 23.00 220.05 
33 1 30 135.18 17.89 22.62 231.93 
33 1 30 132.97 19.01 22.46 226.08 
33 1 30 133.05 18.95 22.19 234.46 
33 1 30 135.79 18.04 23.19 223.73 
33 1 30 133.00 19.03 22.32 224.72 
33 1 30 135.39 18.86 22.73 233.12 
33 1 30 134.11 18.94 23.43 227.13 
33 1 30 132.70 18.84 20.87 232.85 
33 1 30 148.73 19.14 22.19 228.09 
33 0 30 135.20 18.89 22.73 219.54 
33 0 30 135.26 19.14 22.19 234.50 
33 0 30 149.49 18.04 22.35 221.67 
33 0 30 136.12 19.10 22.59 219.52 
33 0 30 136.22 18.95 22.73 220.35 
33 0 30 136.21 16.98 22.60 223.68 
33 0 30 135.45 18.86 20.46 239.53 
33 0 30 132.82 19.08 23.03 226.17 
33 0 30 136.26 18.87 22.60 230.09 
33 0 30 135.28 19.22 22.32 226.82 
33 0 30 130.63 19.10 21.92 227.43 
33 0 30 135.99 17.89 22.49 222.50 
34 4 30 135.06 19.02 23.43 224.36 
34 4 30 135.35 19.03 23.00 220.05 
34 3 30 134.13 19.16 22.46 224.79 
34 3 30 134.03 18.93 21.93 226.45 
34 3 30 141.24 19.15 22.19 225.16 
34 2 30 132.87 18.89 21.53 233.66 
34 2 30 134.55 18.94 22.68 229.12 
34 2 30 136.03 19.01 23.30 222.68 
34 2 30 134.11 18.94 23.43 227.13 
34 1 30 134.04 18.59 22.27 207.66 
34 1 30 147.62 18.99 22.59 249.98 
34 1 30 134.36 18.97 22.15 227.22 
34 1 30 134.04 18.85 21.80 232.98 
34 1 30 134.03 18.93 21.93 226.45 
34 0 30 133.40 18.89 22.15 252.99 
34 0 30 134.48 19.11 24.79 226.65 
34 0 30 133.33 19.24 22.05 225.88 
34 0 30 134.03 18.93 21.93 226.45 
34 0 30 134.18 19.03 22.66 222.38 
34 0 30 134.90 19.05 22.67 223.00 
34 0 30 135.68 19.06 23.21 220.82 
34 0 30 134.04 18.85 21.80 232.98 
34 0 30 142.04 19.08 22.59 224.07 
34 0 30 135.08 18.93 23.30 236.80 
34 0 30 132.85 18.94 21.60 228.79 
34 0 30 134.64 18.42 23.03 240.89 
34 0 30 135.70 17.08 23.08 221.91 
34 0 30 132.96 19.16 22.12 227.13 
34 0 30 135.72 20.78 22.95 228.44 
34 0 30 133.33 19.24 22.05 225.88 
35 4 30 138.15 19.09 22.81 224.76 
35 3 30 135.21 19.02 23.21 222.20 
35 3 30 135.35 19.03 23.00 220.05 
35 2 30 135.04 18.80 22.78 215.17 
35 2 30 137.89 19.05 22.43 227.14 
35 2 30 134.81 18.98 23.05 226.74 
35 2 30 134.04 16.96 21.80 232.98 
35 1 30 134.11 18.94 23.43 227.13 
35 1 30 134.08 18.89 22.62 230.05 
35 1 30 134.11 18.96 20.04 226.85 
35 1 30 135.35 19.03 23.00 220.05 
35 1 30 138.15 19.09 22.81 224.76 
35 1 30 121.57 19.09 22.88 223.73 
35 1 30 137.63 19.04 22.06 203.22 
35 1 30 134.95 18.98 22.84 224.58 
35 1 30 134.24 19.07 22.30 226.00 
35 1 30 134.24 19.07 22.30 226.00 
35 1 30 134.60 19.09 22.94 224.57 
35 1 30 134.19 18.95 22.04 226.83 
35 0 30 135.21 19.02 23.21 222.20 
35 0 30 134.03 18.76 22.10 217.05 
35 0 30 134.03 18.93 21.93 226.45 
35 0 30 134.13 19.16 22.46 224.79 
35 0 30 137.63 19.04 22.06 225.80 
35 0 30 135.29 18.97 22.99 248.49 
35 0 30 134.81 18.98 23.05 249.41 
35 0 30 124.47 19.09 22.59 222.60 
35 0 30 134.03 18.93 21.93 226.45 
35 0 30 133.45 18.91 21.73 230.05 
35 0 30 137.68 19.05 22.81 226.14 
36 3 30 134.57 18.87 23.11 221.15 
36 3 30 135.20 18.91 22.89 217.61 
36 3 30 134.19 18.95 22.04 226.83 
36 3 30 129.86 19.09 22.84 224.24 
36 2 30 136.75 19.06 22.90 222.40 
36 2 30 136.48 19.03 22.93 225.75 
36 2 30 136.04 19.00 22.24 226.99 
36 1 30 134.73 19.04 22.76 224.10 
36 1 30 134.73 18.98 23.21 223.59 
36 1 30 135.01 19.00 23.13 224.47 
36 1 30 134.64 18.93 22.54 220.59 
36 1 30 136.10 18.03 22.30 228.87 
36 1 30 134.70 17.99 22.40 226.51 
36 1 30 134.92 18.89 22.92 220.95 
36 1 30 134.82 18.95 22.86 219.87 
36 1 30 136.75 19.06 22.90 222.40 
36 1 30 136.68 19.05 23.01 223.48 
36 1 30 136.11 18.99 22.71 227.41 
36 1 30 115.03 18.03 22.34 228.36 
36 0 30 136.48 20.94 20.64 225.75 
36 0 30 129.60 19.07 22.47 213.48 
36 0 30 134.82 18.95 22.86 219.87 
36 0 30 129.86 19.09 22.84 224.24 
36 0 30 134.56 18.85 22.70 222.61 
36 0 30 134.52 19.02 22.68 226.37 
36 0 30 134.64 18.93 22.54 220.59 
36 0 30 135.91 19.00 22.05 215.03 
36 0 30 136.35 19.01 22.74 226.94 
36 0 30 135.28 19.02 23.10 221.12 
36 0 30 121.41 19.06 23.08 223.39 
37 4 30 134.44 18.47 24.44 226.67 
37 3 30 129.86 19.09 22.84 224.24 
37 3 30 132.03 19.02 22.44 225.54 
37 3 30 135.31 18.94 22.67 224.07 
37 2 30 135.66 18.96 23.00 221.77 
37 2 30 135.66 18.96 23.00 221.77 
37 1 30 135.44 19.00 22.53 225.16 
37 1 30 133.17 19.06 22.89 247.50 
37 1 30 125.89 18.54 22.62 225.38 
37 1 30 135.60 19.04 22.84 224.92 
37 1 30 135.15 18.97 22.38 227.12 
37 1 30 135.47 19.00 22.47 224.62 
37 1 30 125.54 18.51 22.29 227.67 
37 1 30 133.27 19.07 22.93 223.86 
37 1 30 135.15 18.97 22.38 227.12 
37 1 30 132.53 19.00 22.87 220.93 
37 1 30 135.40 18.01 22.35 227.69 
37 1 30 134.70 17.99 22.40 226.51 
37 1 30 129.86 19.09 22.84 224.24 
37 0 30 124.80 18.45 22.72 224.75 
37 0 30 135.97 18.99 22.90 220.00 
37 0 30 132.25 19.01 22.69 222.42 
37 0 30 135.66 18.96 23.00 221.77 
37 0 30 132.25 19.01 22.69 222.42 
37 0 30 135.66 18.96 23.00 221.77 
37 0 30 132.28 18.54 22.62 225.38 
37 0 30 132.39 18.99 22.88 222.60 
37 0 30 132.29 19.07 22.80 224.17 
37 0 30 135.66 18.96 23.00 221.77 
37 0 30 135.48 18.94 22.58 223.97 
38 4 30 130.68 18.77 22.55 225.00 
38 3 30 133.81 19.03 22.64 225.23 
38 3 30 134.28 18.53 22.62 261.35 
38 3 30 133.24 18.75 23.44 226.11 
38 3 30 134.88 18.70 23.56 225.37 
38 3 30 132.51 19.03 22.61 225.68 
38 2 30 135.00 18.47 22.53 225.29 
38 2 30 134.44 18.47 24.44 226.67 
38 2 30 132.51 19.03 22.61 225.68 
38 1 30 133.85 20.89 22.72 223.66 
38 1 30 132.60 19.04 24.93 236.52 
38 1 30 135.49 18.95 22.84 222.92 
38 1 30 130.34 18.74 22.33 227.40 
38 1 30 132.63 18.55 22.60 225.97 
38 0 30 132.28 19.01 22.65 223.23 
38 0 30 121.00 18.47 24.44 226.67 
38 0 30 133.85 18.99 22.72 223.66 
38 0 30 135.29 18.99 22.45 226.14 
38 0 30 135.02 18.76 23.64 225.80 
38 0 30 131.57 19.08 22.88 224.05 
38 0 30 135.57 18.98 22.74 223.20 
38 0 30 134.29 19.00 22.80 223.96 
38 0 30 132.15 18.78 23.64 225.46 
38 0 30 133.81 18.77 23.66 237.08 
38 0 30 133.27 19.07 22.93 223.86 
38 0 30 132.15 18.78 23.64 225.46 
38 0 30 135.02 16.88 23.64 203.22 
38 0 30 135.31 18.94 22.67 224.07 
38 0 30 133.24 18.75 23.44 226.11 
38 0 30 135.63 19.00 22.92 223.35 
39 5 30 131.66 18.66 22.57 225.48 
39 3 30 134.97 18.71 23.64 224.80 
39 3 30 131.59 18.90 22.58 225.34 
39 3 30 133.22 19.97 23.83 230.09 
39 2 30 133.48 18.75 23.53 248.80 
39 2 30 132.84 18.62 22.54 247.66 
39 2 30 134.13 18.75 23.54 225.95 
39 2 30 120.36 18.87 24.24 230.94 
39 1 30 134.58 18.62 23.09 243.36 
39 1 30 121.18 18.50 22.58 243.32 
39 1 30 133.24 18.75 23.44 226.11 
39 1 30 134.06 19.71 22.67 242.50 
39 1 30 133.16 19.03 22.63 225.46 
39 1 30 130.51 18.76 22.44 226.20 
39 1 30 134.35 18.87 23.10 225.30 
39 1 30 132.55 19.03 23.77 231.10 
39 0 30 134.35 18.87 23.10 225.30 
39 0 30 133.53 18.89 23.04 225.67 
39 0 30 134.58 18.62 23.09 243.36 
39 0 30 131.43 18.89 22.47 226.54 
39 0 30 133.76 18.75 22.57 225.49 
39 0 30 132.56 18.62 23.49 225.84 
39 0 30 118.76 18.76 22.99 225.55 
39 0 30 133.46 18.54 22.61 243.66 
39 0 30 135.24 18.71 22.69 224.11 
39 0 30 133.76 18.64 23.03 243.73 
39 0 30 131.96 18.76 22.99 225.55 
39 0 30 132.26 21.81 22.63 224.33 
39 0 30 133.69 20.75 20.77 225.53 
39 0 30 132.56 18.62 23.49 225.84 
40 5 30 128.07 18.61 23.11 234.06 
40 3 30 131.66 18.66 22.57 225.48 
40 2 30 134.10 19.23 23.11 234.23 
40 2 30 134.32 19.17 22.88 242.93 
40 2 30 119.19 19.31 23.20 227.79 
40 2 30 119.19 19.31 23.20 227.79 
40 2 30 127.66 18.79 23.94 227.87 
40 2 30 133.90 18.67 23.09 236.23 
40 1 30 132.44 19.31 23.20 227.79 
40 1 30 134.66 20.67 23.37 225.05 
40 1 30 134.10 18.73 23.54 225.45 
40 1 30 133.31 18.69 23.11 247.65 
40 1 30 132.22 18.76 22.56 236.50 
40 1 30 132.41 18.82 23.01 225.72 
40 1 30 134.09 19.34 23.73 227.44 
40 1 30 133.75 18.95 22.86 225.38 
40 1 30 134.10 19.23 23.11 234.23 
40 1 30 132.86 19.19 22.62 233.99 
40 0 30 125.98 18.89 23.41 228.14 
40 0 30 133.91 18.81 23.31 237.05 
40 0 30 133.59 18.74 22.82 236.48 
40 0 30 133.35 19.36 23.68 239.44 
40 0 30 132.83 19.31 22.62 233.92 
40 0 30 132.89 21.45 23.80 230.59 
40 0 30 132.55 19.03 23.77 231.10 
40 0 30 133.04 18.68 22.99 236.88 
40 0 30 131.59 18.90 22.58 225.34 
40 0 30 132.41 18.82 23.01 225.72 
40 0 30 133.80 18.75 23.53 237.37 
40 0 30 126.01 18.77 23.41 228.21 
41 4 30 133.93 19.09 22.98 229.80 
41 2 30 134.10 19.29 23.42 230.84 
41 2 30 112.88 18.99 22.88 226.63 
41 2 30 126.65 19.02 23.37 226.62 
41 2 30 131.94 18.71 22.56 230.99 
41 2 30 132.88 18.69 23.06 225.47 
41 2 30 130.24 18.71 23.06 229.89 
41 2 30 131.08 18.97 23.42 230.75 
41 2 30 133.38 18.93 22.86 235.11 
41 2 30 134.11 18.92 22.98 239.58 
41 1 30 131.08 18.92 20.80 234.14 
41 1 30 129.86 18.63 22.84 229.77 
41 1 30 145.13 18.71 22.56 230.99 
41 1 30 133.93 19.09 22.98 229.80 
41 1 30 126.93 19.99 23.28 226.42 
41 1 30 125.43 18.99 22.88 226.63 
41 1 30 131.08 18.92 23.11 234.14 
41 1 30 126.65 19.02 23.37 226.62 
41 0 30 130.99 18.64 23.10 235.14 
41 0 30 129.86 18.63 22.84 229.77 
41 0 30 130.88 19.01 23.52 231.05 
41 0 30 130.05 19.05 23.57 227.83 
41 0 30 126.76 19.24 23.04 235.36 
41 0 30 127.87 16.83 23.52 230.96 
41 0 30 132.78 18.66 22.83 253.94 
41 0 30 131.36 19.64 23.24 229.55 
41 0 30 128.07 18.61 23.11 234.06 
41 0 30 132.32 18.79 20.51 231.11 
41 0 30 133.17 18.99 23.14 232.01 
41 0 30 128.07 18.61 20.80 234.06 
42 4 30 130.29 19.06 23.18 228.21 
42 4 30 119.15 18.99 22.88 226.63 
42 3 30 123.50 18.95 22.93 233.11 
42 3 30 133.65 19.01 22.92 232.46 
42 2 30 123.49 19.14 23.15 251.61 
42 2 30 130.66 18.84 23.24 230.32 
42 2 30 132.41 18.70 22.81 228.23 
42 1 30 133.03 18.81 22.77 235.29 
42 1 30 134.11 18.92 22.98 239.58 
42 1 30 132.23 18.92 22.98 234.63 
42 1 30 131.56 18.70 23.06 227.68 
42 1 30 132.93 18.90 22.77 230.40 
42 1 30 129.00 19.48 23.35 228.58 
42 1 30 139.62 18.81 22.77 235.29 
42 1 30 131.81 18.82 22.96 232.50 
42 1 30 131.09 18.71 22.81 230.44 
42 1 30 134.10 19.10 23.20 235.21 
42 0 30 132.93 18.90 22.77 230.40 
42 0 30 123.50 18.95 22.93 233.11 
42 0 30 130.52 19.45 23.13 233.00 
42 0 30 128.45 18.87 23.21 228.26 
42 0 30 129.76 18.86 23.21 226.04 
42 0 30 133.49 18.99 23.24 228.15 
42 0 30 132.50 19.03 23.20 230.28 
42 0 30 134.11 18.92 22.98 239.58 
42 0 30 122.41 18.85 22.72 228.81 
42 0 30 133.93 19.09 22.98 229.80 
42 0 30 123.49 19.14 23.15 228.73 
42 0 30 133.65 19.01 22.92 232.46 
42 0 30 132.93 18.90 22.77 230.40 
43 3 30 123.49 19.14 23.15 251.61 
43 3 30 129.65 19.27 23.26 228.40 
43 2 30 126.40 19.00 22.90 229.55 
43 2 30 127.95 18.83 22.87 230.67 
43 2 30 128.80 19.12 23.18 243.41 
43 2 30 130.29 19.06 23.18 228.21 
43 2 30 133.03 18.86 22.87 230.34 
43 1 30 134.31 19.15 23.06 231.94 
43 1 30 132.01 18.81 22.79 207.38 
43 1 30 130.29 19.06 23.18 228.21 
43 1 30 126.40 19.00 22.90 229.55 
43 1 30 124.72 19.02 23.03 227.42 
43 1 30 125.69 18.95 22.93 230.63 
43 1 30 134.95 18.93 22.98 231.75 
43 1 30 128.81 18.93 22.96 236.34 
43 1 30 133.65 19.01 22.92 232.46 
43 1 30 132.58 18.91 22.88 232.51 
43 1 30 128.80 19.03 23.07 234.16 
43 1 30 131.24 18.83 23.10 231.41 
43 1 30 124.91 18.91 23.06 228.48 
43 1 30 133.03 18.86 22.87 230.34 
43 0 30 130.29 19.06 23.18 228.21 
43 0 30 133.03 18.86 22.87 230.34 
43 0 30 118.66 16.95 23.01 232.80 
43 0 30 133.03 18.86 22.87 207.31 
43 0 30 130.71 19.09 23.08 228.41 
43 0 30 132.20 18.99 20.77 233.90 
43 0 30 132.37 18.86 22.87 231.45 
43 0 30 127.66 18.89 22.95 232.80 
43 0 30 132.41 18.70 22.81 228.23 
44 3 30 129.54 19.09 23.18 212.23 
44 3 30 128.35 19.03 23.04 228.88 
44 3 30 131.34 19.06 23.06 229.37 
44 2 30 127.60 19.01 22.99 231.85 
44 2 30 123.49 19.14 23.15 251.61 
44 2 30 128.85 18.88 22.86 219.00 
44 1 30 129.49 18.95 22.89 231.03 
44 1 30 128.80 19.03 23.07 239.88 
44 1 30 127.18 19.14 23.15 227.91 
44 1 30 131.11 19.09 23.07 230.46 
44 1 30 128.82 18.91 23.00 230.48 
44 1 30 127.36 18.98 23.13 241.51 
44 1 30 126.14 19.13 23.16 247.51 
44 1 30 127.99 19.00 23.06 229.42 
44 1 30 130.91 18.99 23.02 236.88 
44 1 30 131.34 19.06 23.06 229.37 
44 1 30 129.54 19.04 23.12 231.18 
44 1 30 128.82 18.91 23.00 230.48 
44 1 30 130.68 18.97 22.94 230.65 
44 1 30 126.40 19.00 22.90 229.55 
44 1 30 127.75 18.97 22.97 229.49 
44 0 30 128.57 19.07 23.04 242.03 
44 0 30 132.81 18.88 22.87 231.43 
44 0 30 130.91 18.99 23.02 236.88 
44 0 30 125.69 18.95 22.93 230.63 
44 0 30 128.26 19.00 23.01 240.98 
44 0 30 129.72 18.93 22.88 229.94 
44 0 30 128.80 19.12 23.18 243.41 
44 0 30 127.95 18.83 22.87 230.67 
44 0 30 133.03 18.86 22.87 230.34 
45 3 30 127.60 19.01 22.99 231.85 
45 3 30 129.47 19.04 23.03 230.61 
45 3 30 126.52 19.11 23.16 231.92 
45 2 30 128.84 17.01 22.93 224.74 
45 2 30 129.74 19.00 23.00 235.26 
45 2 30 126.52 19.09 23.14 241.40 
45 2 30 128.74 18.98 22.97 230.23 
45 1 30 125.62 19.05 23.06 240.55 
45 1 30 128.23 17.05 22.92 225.43 
45 1 30 131.13 19.02 23.04 233.12 
45 1 30 126.87 19.07 23.08 239.68 
45 1 30 128.23 18.95 22.92 225.43 
45 1 30 129.86 19.01 23.04 238.38 
45 1 30 129.84 19.04 23.05 229.12 
45 1 30 144.47 19.06 23.06 229.37 
45 1 30 129.52 19.02 23.03 221.63 
45 1 30 129.20 18.96 22.99 225.09 
45 1 30 113.53 19.08 23.11 245.74 
45 1 30 130.23 19.04 23.10 224.55 
45 1 30 128.57 19.03 23.05 234.38 
45 0 30 128.34 19.05 23.02 229.47 
45 0 30 128.40 19.02 23.06 234.65 
45 0 30 125.92 19.08 23.10 216.22 
45 0 30 130.10 18.97 22.96 224.19 
45 0 30 127.39 19.08 23.07 229.88 
45 0 30 129.20 20.88 23.02 215.62 
45 0 30 128.40 19.02 23.06 234.65 
45 0 30 129.84 19.04 23.05 206.21 
45 0 30 128.65 20.93 23.07 220.86 
45 0 30 129.66 19.03 23.06 229.40 
46 3 30 120.02 19.10 23.14 238.83 
46 3 30 128.82 19.07 23.10 232.52 
46 3 30 126.69 19.09 23.12 235.80 
46 2 30 130.30 19.03 23.03 231.87 
46 2 30 128.97 18.97 22.98 227.66 
46 2 30 116.13 17.10 22.99 227.28 
46 2 30 129.24 18.99 22.99 232.74 
46 2 30 128.85 18.99 22.97 228.02 
46 2 30 136.04 19.04 23.03 230.61 
46 1 30 121.50 19.06 23.07 238.18 
46 1 30 127.63 19.05 23.07 231.07 
46 1 30 129.66 19.04 23.04 229.87 
46 1 30 128.17 19.00 22.98 231.04 
46 1 30 120.02 19.10 23.14 238.83 
46 1 30 129.15 18.02 22.98 227.68 
46 1 30 128.18 19.08 23.11 230.52 
46 1 30 128.70 18.02 22.99 229.56 
46 1 30 129.33 19.00 23.01 250.64 
46 0 30 127.99 19.07 23.09 231.26 
46 0 30 129.29 18.00 22.97 230.00 
46 0 30 126.52 19.09 23.14 241.40 
46 0 30 127.73 19.05 23.06 234.84 
46 0 30 127.99 19.06 23.08 236.00 
46 0 30 127.91 18.03 22.95 228.64 
46 0 30 129.66 19.02 23.03 234.49 
46 0 30 114.51 19.04 23.03 235.77 
46 0 30 129.24 18.99 22.99 232.74 
46 0 30 128.54 19.02 23.01 231.23 
46 0 30 128.19 19.05 23.09 239.89 
46 0 30 130.32 19.02 23.04 227.38 
47 4 30 128.17 18.53 23.03 230.32 
47 3 30 129.08 19.03 23.06 241.58 
47 2 30 129.11 18.98 22.99 230.20 
47 2 30 129.57 19.01 23.00 229.94 
47 2 30 123.36 19.09 23.13 237.31 
47 2 30 122.89 18.07 23.01 228.57 
47 2 30 128.43 19.02 23.03 231.91 
47 2 30 129.98 19.04 23.04 230.87 
47 2 30 122.73 18.05 23.00 238.96 
47 2 30 124.63 19.04 23.06 235.79 
47 1 30 128.03 19.07 23.08 234.72 
47 1 30 118.08 18.10 23.06 233.05 
47 1 30 122.48 18.08 23.05 229.90 
47 1 30 127.83 19.03 23.05 208.56 
47 1 30 132.43 19.05 23.06 231.57 
47 1 30 128.97 18.97 22.98 227.66 
47 1 30 128.78 18.50 22.98 228.79 
47 0 30 128.96 19.04 23.05 231.47 
47 0 30 141.64 18.54 23.05 231.04 
47 0 30 121.41 18.09 23.05 231.54 
47 0 30 122.49 18.04 22.98 227.65 
47 0 30 131.37 19.06 23.07 233.21 
47 0 30 124.56 19.05 23.07 234.62 
47 0 30 122.69 18.04 22.99 230.01 
47 0 30 128.83 19.03 23.04 230.27 
47 0 30 123.36 19.09 23.13 237.31 
47 0 30 141.87 20.87 22.98 227.66 
47 0 30 129.20 18.50 22.98 230.21 
47 0 30 128.51 18.99 22.98 229.53 
47 0 30 129.56 19.05 23.07 208.97 
48 3 30 128.23 19.04 23.05 233.31 
48 3 30 125.90 18.54 23.03 240.27 
48 3 30 125.45 18.29 23.01 234.64 
48 2 30 131.20 19.04 23.05 231.22 
48 2 30 112.90 18.29 23.01 211.17 
48 2 30 127.30 19.04 23.05 233.33 
48 2 30 123.68 18.54 23.03 237.37 
48 2 30 129.02 19.00 23.02 234.62 
48 2 30 125.75 18.28 22.99 233.87 
48 1 30 126.85 20.94 23.06 238.68 
48 1 30 129.34 18.99 22.99 230.07 
48 1 30 123.05 18.57 23.06 238.14 
48 1 30 123.13 18.58 23.07 232.94 
48 1 30 128.77 19.00 23.01 231.05 
48 1 30 126.47 19.05 23.07 233.63 
48 1 30 138.58 18.55 23.03 235.08 
48 1 30 125.53 18.30 23.02 229.44 
48 1 30 129.53 20.94 23.05 236.22 
48 0 30 128.00 18.78 23.04 219.44 
48 0 30 123.68 18.54 23.03 237.37 
48 0 30 128.45 19.03 23.05 225.07 
48 0 30 130.77 19.02 23.02 230.88 
48 0 30 130.30 18.79 23.05 230.94 
48 0 30 122.48 18.08 23.05 229.90 
48 0 30 129.53 19.03 23.05 236.22 
48 0 30 131.00 19.03 23.03 230.75 
48 0 30 128.17 18.53 23.03 230.32 
48 0 30 129.33 19.02 23.03 235.76 
48 0 30 129.11 18.98 22.99 230.20 
48 0 30 124.00 19.07 23.10 236.55 
49 3 30 126.51 18.77 23.01 233.72 
49 3 30 128.55 18.79 23.04 235.74 
49 2 30 124.57 18.42 23.02 236.00 
49 2 30 128.48 18.66 23.02 232.55 
49 2 30 114.60 18.77 23.02 235.66 
49 2 30 123.40 18.56 23.05 235.16 
49 2 30 127.55 18.64 22.99 231.97 
49 2 30 127.44 18.79 23.04 234.29 
49 2 30 128.16 19.02 23.03 210.58 
49 1 30 124.79 18.54 23.03 238.82 
49 1 30 125.72 18.42 23.02 234.86 
49 1 30 121.12 18.64 23.00 220.62 
49 1 30 128.33 18.67 23.03 232.93 
49 1 30 130.11 19.02 23.04 232.92 
49 1 30 121.12 18.64 23.00 220.62 
49 1 30 124.79 16.69 23.03 238.82 
49 1 30 133.80 18.78 23.03 234.85 
49 1 30 127.44 18.79 23.04 234.29 
49 1 30 128.04 19.02 23.03 232.19 
49 0 30 128.16 19.02 23.03 233.97 
49 0 30 119.18 18.29 23.01 222.90 
49 0 30 127.07 18.79 23.04 236.79 
49 0 30 127.39 18.64 23.01 234.25 
49 0 30 125.83 18.41 23.01 237.07 
49 0 30 126.38 18.66 23.03 233.98 
49 0 30 125.68 18.41 23.02 237.45 
49 0 30 118.02 18.43 23.04 222.06 
49 0 30 126.84 18.67 23.03 233.98 
49 0 30 126.84 18.67 23.03 233.98 
49 0 30 126.35 18.77 23.03 236.00 
50 3 30 126.63 18.53 23.01 233.41 
50 3 30 126.36 18.72 23.03 223.29 
50 3 30 126.48 18.78 23.03 224.70 
50 2 30 127.49 16.84 23.02 233.13 
50 2 30 128.01 18.65 23.01 232.26 
50 2 30 126.36 18.72 23.03 223.29 
50 2 30 128.00 18.79 23.04 211.52 
50 2 30 121.32 18.89 23.02 233.93 
50 1 30 137.78 18.48 23.03 236.84 
50 1 30 130.68 18.71 23.01 233.41 
50 1 30 107.73 18.66 23.02 237.24 
50 1 30 122.96 17.66 23.02 229.72 
50 1 30 128.05 18.71 23.02 233.86 
50 1 30 126.63 18.53 23.01 233.41 
50 1 30 119.58 18.59 23.02 235.83 
50 1 30 108.50 18.77 23.02 234.69 
50 1 30 126.58 18.61 23.03 234.58 
50 1 30 126.30 18.72 23.03 234.10 
50 1 30 125.42 18.68 23.05 234.73 
50 0 30 126.64 17.67 23.02 235.68 
50 0 30 124.96 18.67 23.03 257.88 
50 0 30 126.06 18.53 23.01 233.99 
50 0 30 126.45 18.54 23.03 234.47 
50 0 30 128.55 18.79 23.04 235.74 
50 0 30 126.48 17.85 23.03 224.70 
50 0 30 122.36 18.90 23.03 234.29 
50 0 30 142.27 18.91 23.04 234.33 
50 0 30 127.80 20.80 23.04 222.44 
50 0 30 124.72 18.65 23.02 226.77 
50 0 30 127.80 17.02 23.04 222.44 
51 4 30 126.47 18.62 23.02 233.76 
51 4 30 126.42 18.75 23.03 223.99 
51 2 30 127.32 20.45 23.01 232.84 
51 2 30 127.06 17.69 23.01 233.27 
51 2 30 123.90 18.84 23.03 229.31 
51 2 30 125.13 18.65 23.02 234.62 
51 2 30 123.98 18.71 23.02 233.67 
51 2 30 123.03 18.69 23.03 230.27 
51 2 30 128.05 18.71 23.02 233.86 
51 1 30 127.24 18.79 23.04 218.11 
51 1 30 129.34 18.68 23.01 232.83 
51 1 30 132.13 18.63 23.03 230.77 
51 1 30 128.01 18.72 23.02 221.89 
51 1 30 126.48 18.78 23.03 224.70 
51 1 30 126.56 18.65 23.02 229.06 
51 1 30 123.84 18.81 23.03 228.61 
51 1 30 117.05 18.69 23.03 230.27 
51 0 30 132.07 18.60 23.03 230.06 
51 0 30 126.63 18.53 23.01 233.41 
51 0 30 117.57 16.78 23.01 234.05 
51 0 30 127.21 18.72 23.02 228.57 
51 0 30 127.18 18.76 23.03 217.40 
51 0 30 128.58 16.87 23.02 229.05 
51 0 30 114.46 18.76 23.03 217.40 
51 0 30 117.43 18.74 23.02 228.99 
51 0 30 126.36 18.72 23.03 223.29 
51 0 30 127.24 16.91 23.04 218.11 
51 0 30 132.64 17.66 23.02 234.99 
51 0 30 117.61 19.52 23.02 235.19 
51 0 30 127.75 17.75 23.01 232.70 
52 4 30 124.75 18.65 23.02 232.01 
52 4 30 127.26 18.67 23.02 233.81 
52 3 30 125.80 18.64 23.02 234.19 
52 2 30 112.25 18.72 23.03 227.13 
52 2 30 125.95 18.78 23.03 225.60 
52 1 30 126.47 18.62 23.02 233.76 
52 1 30 126.85 18.70 23.03 225.93 
52 1 30 124.75 18.65 23.02 232.01 
52 1 30 125.16 18.79 23.03 226.65 
52 1 30 125.13 18.65 23.02 234.62 
52 1 30 123.47 18.76 23.03 229.79 
52 1 30 114.51 18.73 23.02 228.93 
52 1 30 130.09 18.67 23.02 232.31 
52 1 30 127.30 20.55 20.72 231.46 
52 1 30 125.48 18.26 23.02 231.29 
52 1 30 129.73 19.54 23.02 231.80 
52 1 30 123.94 20.65 23.02 231.49 
52 1 30 123.03 18.69 23.03 230.27 
52 1 30 123.47 18.76 23.03 229.79 
52 1 30 125.05 18.19 23.02 231.77 
52 0 30 125.20 18.73 23.02 228.83 
52 0 30 126.49 18.70 23.03 226.53 
52 0 30 125.80 18.64 23.02 210.77 
52 0 30 125.61 17.68 23.02 231.07 
52 0 30 122.06 18.19 23.02 231.77 
52 0 30 124.79 18.67 23.02 229.66 
52 0 30 125.18 18.73 23.02 231.53 
52 0 30 127.24 18.66 23.01 233.73 
52 0 30 125.80 18.64 23.02 234.19 
52 0 30 126.47 18.70 23.02 206.30 
53 3 30 124.75 20.52 23.02 232.01 
53 3 30 118.50 18.69 23.02 229.57 
53 3 30 125.09 18.42 23.02 233.20 
53 3 30 124.11 18.71 23.02 230.90 
53 2 30 125.88 18.71 23.02 229.89 
53 2 30 124.11 18.71 23.02 230.90 
53 2 30 125.60 19.66 23.02 232.65 
53 2 30 128.29 19.12 23.02 228.87 
53 2 30 127.57 18.43 23.02 255.25 
53 2 30 125.61 18.64 23.02 232.88 
53 1 30 124.04 20.28 23.02 231.02 
53 1 30 118.10 19.68 23.02 229.31 
53 1 30 124.96 18.72 23.03 229.33 
53 1 30 126.00 18.66 23.02 232.91 
53 1 30 125.15 18.72 23.02 230.64 
53 1 30 125.35 18.72 23.02 251.69 
53 0 30 125.48 18.71 23.02 230.42 
53 0 30 126.86 16.78 23.02 233.78 
53 0 30 126.01 18.75 23.03 226.29 
53 0 30 118.50 18.69 23.02 229.57 
53 0 30 112.88 18.41 23.02 232.98 
53 0 30 123.89 18.67 23.02 231.14 
53 0 30 125.64 18.45 23.02 232.74 
53 0 30 124.71 18.77 23.03 227.69 
53 0 30 125.80 18.64 23.02 234.19 
53 0 30 118.50 18.69 23.02 229.57 
53 0 30 126.47 18.62 23.02 233.76 
53 0 30 112.63 18.68 23.02 232.04 
53 0 30 124.75 18.65 23.02 232.01 
53 0 30 126.78 18.72 23.02 231.05 
54 4 30 125.94 18.68 23.02 231.40 
54 3 30 124.85 19.18 23.02 231.77 
54 3 30 126.46 18.57 23.02 253.47 
54 3 30 126.16 19.47 23.02 243.63 
54 2 30 123.04 18.56 23.02 242.41 
54 2 30 121.10 19.20 20.72 230.11 
54 2 30 124.92 19.47 23.02 232.60 
54 2 30 126.59 18.53 23.02 244.06 
54 2 30 127.15 18.89 23.02 230.89 
54 1 30 123.40 18.90 23.02 229.22 
54 1 30 121.63 19.60 23.02 230.79 
54 1 30 124.11 18.71 23.02 230.90 
54 1 30 124.60 18.56 23.02 232.05 
54 1 30 126.52 19.82 23.02 230.44 
54 1 30 125.02 18.57 23.02 231.26 
54 1 30 124.75 20.52 23.02 232.01 
54 0 30 112.14 18.56 23.02 232.05 
54 0 30 125.48 18.56 23.02 231.55 
54 0 30 125.12 18.57 23.02 231.92 
54 0 30 124.43 19.61 23.02 231.46 
54 0 30 124.43 19.61 23.02 231.46 
54 0 30 121.82 18.70 23.02 230.10 
54 0 30 125.17 20.09 23.02 232.33 
54 0 30 125.47 19.19 23.02 242.17 
54 0 30 125.88 18.71 20.72 229.89 
54 0 30 125.35 18.53 23.02 233.04 
54 0 30 125.28 19.19 23.02 230.99 
54 0 30 125.74 19.18 23.02 231.27 
54 0 30 126.46 18.57 23.02 253.47 
54 0 30 123.19 17.46 23.02 229.09 
55 3 30 125.54 19.47 23.02 238.12 
55 3 30 126.26 18.61 23.02 237.73 
55 3 30 125.27 18.62 23.02 231.72 
55 2 30 123.78 19.14 23.02 231.10 
55 2 30 123.75 18.81 23.02 230.06 
55 1 30 123.85 18.87 21.87 237.08 
55 1 30 123.52 18.94 21.87 230.75 
55 1 30 125.54 19.47 23.02 238.12 
55 1 30 126.23 19.25 23.02 230.92 
55 1 30 126.20 18.63 20.72 242.43 
55 1 30 126.37 19.00 23.02 243.85 
55 1 30 123.06 18.88 21.87 230.68 
55 1 30 125.51 19.33 23.02 237.70 
55 1 30 122.25 19.05 21.87 229.66 
55 1 30 123.27 19.54 23.02 231.70 
55 1 30 125.02 18.70 23.02 231.15 
55 1 30 126.54 18.79 23.02 208.03 
55 1 30 137.06 19.02 23.02 243.02 
55 1 30 122.98 19.19 21.87 230.94 
55 1 30 126.46 18.57 23.02 253.47 
55 1 30 124.75 18.57 23.02 247.94 
55 1 30 126.26 18.61 23.02 237.73 
55 0 30 125.94 18.68 23.02 231.40 
55 0 30 124.99 18.72 23.02 236.64 
55 0 30 125.02 18.70 23.02 231.15 
55 0 30 126.49 19.20 23.02 241.95 
55 0 30 126.20 16.77 23.02 242.43 
55 0 30 112.04 18.62 23.02 236.90 
55 0 30 126.00 19.04 23.02 231.33 
55 0 30 124.39 19.25 23.02 230.84 
56 3 30 125.88 19.36 23.02 234.52 
56 3 30 125.90 19.04 23.02 237.92 
56 3 30 124.51 18.71 23.02 230.89 
56 3 30 123.81 19.00 22.45 234.09 
56 2 30 125.82 18.81 23.02 237.79 
56 2 30 136.98 19.21 22.45 210.99 
56 2 30 125.54 19.47 23.02 261.93 
56 2 30 125.14 19.02 23.02 243.03 
56 1 30 123.88 19.19 22.45 233.68 
56 1 30 124.66 18.75 22.45 234.21 
56 1 30 124.89 18.63 23.02 239.54 
56 1 30 131.64 19.13 23.02 236.97 
56 1 30 126.36 18.59 23.02 245.60 
56 1 30 124.89 18.77 22.45 234.24 
56 1 30 130.29 18.98 22.45 236.89 
56 1 30 125.89 18.97 23.02 237.72 
56 1 30 124.53 19.21 22.45 234.43 
56 1 30 126.34 18.91 23.02 242.19 
56 0 30 130.06 18.95 22.45 236.85 
56 0 30 126.40 18.70 23.02 222.88 
56 0 30 124.99 18.89 21.87 236.76 
56 0 30 125.96 19.24 23.02 240.98 
56 0 30 125.78 18.74 23.02 219.59 
56 0 30 124.26 19.33 22.45 234.53 
56 0 30 125.74 18.63 23.02 242.31 
56 0 30 124.41 19.50 23.02 234.91 
56 0 30 123.52 18.94 21.87 230.75 
56 0 30 124.89 18.77 22.45 234.24 
56 0 30 123.77 18.98 23.02 230.58 
56 0 30 124.27 19.08 23.02 231.71 
57 5 30 131.43 19.28 22.73 222.75 
57 4 30 133.64 19.09 22.45 223.94 
57 3 30 125.86 18.93 23.02 237.85 
57 2 30 125.14 19.02 23.02 243.03 
57 2 30 125.85 19.09 23.02 236.15 
57 2 30 125.62 18.61 23.02 242.57 
57 2 30 131.06 19.11 22.73 227.01 
57 2 30 124.35 18.89 22.45 234.17 
57 1 30 125.27 19.05 22.73 234.36 
57 1 30 128.73 18.97 23.02 237.38 
57 1 30 124.35 18.89 22.45 234.17 
57 1 30 137.52 18.82 23.02 241.29 
57 1 30 124.68 19.24 22.73 248.01 
57 1 30 125.89 19.00 23.02 237.82 
57 1 30 131.40 19.01 22.73 224.39 
57 1 30 125.86 18.93 23.02 237.85 
57 0 30 124.86 19.02 22.73 236.01 
57 0 30 126.09 18.70 20.72 241.69 
57 0 30 128.09 19.17 22.73 235.70 
57 0 30 138.07 19.03 23.02 240.48 
57 0 30 124.68 19.24 22.73 248.01 
57 0 30 125.89 19.20 23.02 236.22 
57 0 30 128.09 19.17 22.73 259.27 
57 0 30 124.83 18.87 23.02 236.96 
57 0 30 124.85 19.00 22.73 235.73 
57 0 30 125.85 19.09 20.72 259.77 
57 0 30 123.85 19.10 22.45 233.89 
57 0 30 125.35 18.72 23.02 238.66 
57 0 30 125.18 19.01 20.46 236.11 
57 0 30 133.64 19.09 22.45 223.94 
58 4 30 129.74 19.09 22.73 230.05 
58 3 30 127.71 19.00 22.59 230.59 
58 3 30 125.38 18.81 23.02 242.80 
58 2 30 127.89 19.09 22.59 228.46 
58 2 30 133.64 19.09 22.45 223.94 
58 2 30 132.35 19.10 22.59 225.47 
58 2 30 134.47 19.05 22.88 208.82 
58 2 30 128.46 19.10 22.88 231.58 
58 1 30 128.65 19.11 22.88 230.30 
58 1 30 128.29 21.07 22.88 232.89 
58 1 30 125.56 19.07 22.88 211.73 
58 1 30 127.00 19.01 22.88 235.87 
58 1 30 132.52 19.05 22.59 224.16 
58 1 30 125.11 18.91 22.73 236.01 
58 1 30 129.39 19.06 22.73 233.48 
58 1 30 125.86 18.93 23.02 237.85 
58 1 30 129.74 19.09 22.73 230.05 
58 1 30 131.25 19.20 22.73 224.88 
58 0 30 132.53 19.19 22.59 223.35 
58 0 30 128.46 19.02 22.88 232.43 
58 0 30 125.27 19.08 22.88 242.93 
58 0 30 125.38 18.81 23.02 242.80 
58 0 30 125.38 18.81 23.02 242.80 
58 0 30 125.11 18.91 22.73 236.01 
58 0 30 128.10 19.07 22.88 235.02 
58 0 30 126.54 18.93 22.73 235.77 
58 0 30 128.64 19.19 22.88 206.51 
58 0 30 131.25 19.20 22.73 202.39 
58 0 30 127.89 19.09 22.59 228.46 
58 0 30 126.54 18.93 22.73 235.77 
59 3 30 132.11 17.17 22.81 197.49 
59 2 30 128.73 19.05 22.66 230.32 
59 2 30 131.69 19.09 24.85 226.99 
59 2 30 127.71 19.00 22.59 230.59 
59 2 30 126.92 18.96 22.95 237.19 
59 2 30 128.81 18.98 22.66 230.09 
59 2 30 131.69 19.09 22.59 226.99 
59 2 30 128.37 19.05 22.81 232.96 
59 2 30 131.93 19.05 22.81 221.15 
59 2 30 118.03 19.10 22.66 227.12 
59 1 30 129.74 19.09 22.73 230.05 
59 1 30 127.00 19.01 22.88 235.87 
59 1 30 128.37 20.08 22.88 232.24 
59 1 30 126.55 18.91 22.81 236.69 
59 1 30 128.73 19.05 22.66 230.32 
59 1 30 126.92 18.96 22.95 260.91 
59 1 30 131.09 19.03 22.73 219.70 
59 1 30 118.12 19.20 22.73 202.39 
59 1 30 126.64 19.04 22.73 221.16 
59 0 30 131.18 19.07 22.73 218.64 
59 0 30 132.11 19.07 22.81 219.43 
59 0 30 127.80 19.04 22.59 229.52 
59 0 30 129.02 19.08 22.81 231.89 
59 0 30 128.73 19.05 22.66 230.32 
59 0 30 130.11 19.03 22.59 227.38 
59 0 30 130.96 20.08 22.66 228.41 
59 0 30 128.18 19.05 22.73 230.45 
59 0 30 126.55 18.91 22.81 236.69 
59 0 30 128.18 19.09 22.73 230.02 
59 0 30 131.09 19.03 22.73 197.73 
60 3 30 128.82 18.97 22.77 228.20 
60 3 30 122.47 19.03 22.81 244.02 
60 3 30 132.02 18.11 22.81 209.32 
60 3 30 130.72 19.09 23.79 228.52 
60 2 30 126.73 18.93 22.88 236.94 
60 2 30 132.11 17.17 22.81 197.49 
60 2 30 129.70 19.05 23.72 228.79 
60 2 30 131.90 18.13 22.70 212.24 
60 1 30 128.37 19.05 22.81 232.96 
60 1 30 129.31 20.93 22.77 232.09 
60 1 30 129.31 19.02 23.90 243.95 
60 1 30 130.37 19.02 22.73 225.62 
60 1 30 129.16 19.06 23.79 224.08 
60 1 30 123.20 19.08 22.73 230.04 
60 1 30 130.72 19.09 23.79 228.52 
60 1 30 129.73 19.56 22.81 225.97 
60 1 30 130.46 18.07 22.73 213.79 
60 1 30 127.31 18.98 22.77 233.89 
60 0 30 132.02 18.11 22.81 209.32 
60 0 30 129.74 19.09 22.73 230.05 
60 0 30 130.24 18.11 22.81 215.22 
60 0 30 127.68 17.05 22.73 233.39 
60 0 30 131.39 19.06 22.66 223.35 
60 0 30 130.37 19.02 22.73 225.62 
60 0 30 127.82 19.00 22.81 245.61 
60 0 30 122.52 19.08 22.84 219.79 
60 0 30 132.11 17.17 22.81 197.49 
60 0 30 131.90 18.13 23.83 212.24 
60 0 30 127.87 18.97 22.81 233.64 
60 0 30 126.55 17.02 22.81 236.69 
61 3 30 131.31 18.61 23.24 220.38 
61 3 30 130.14 18.59 22.75 222.60 
61 3 30 130.21 19.07 23.76 228.65 
61 3 30 129.81 18.57 23.26 218.93 
61 3 30 129.77 20.93 23.28 228.36 
61 2 30 130.60 19.53 22.73 222.17 
61 2 30 129.60 18.99 22.75 226.91 
61 2 30 131.41 18.13 23.30 213.00 
61 1 30 130.42 20.39 22.79 218.76 
61 1 30 131.24 18.09 22.77 211.55 
61 1 30 131.96 18.12 22.75 210.78 
61 1 30 128.73 19.01 23.33 232.73 
61 1 30 126.60 19.06 23.30 236.27 
61 1 30 131.41 18.13 23.30 213.00 
61 1 30 130.21 19.07 23.76 228.65 
61 1 30 129.55 19.07 23.30 230.74 
61 1 30 130.21 19.07 23.76 228.65 
61 0 30 129.77 19.03 23.28 228.36 
61 0 30 125.89 19.98 22.79 238.05 
61 0 30 124.89 19.00 22.79 238.95 
61 0 30 132.00 17.65 22.75 204.86 
61 0 30 126.01 19.02 22.75 229.12 
61 0 30 131.96 18.12 22.75 231.86 
61 0 30 129.43 19.05 23.76 226.43 
61 0 30 126.60 19.06 23.30 236.27 
61 0 30 131.18 18.10 22.72 213.01 
61 0 30 131.18 18.10 22.72 213.01 
61 0 30 130.92 18.36 22.81 211.73 
61 0 30 129.77 19.04 23.26 224.85 
61 0 30 132.02 18.11 22.81 209.32 
62 4 30 130.61 20.18 23.28 215.97 
62 3 30 131.33 18.11 23.03 212.28 
62 3 30 130.81 18.60 23.53 220.83 
62 3 30 131.36 18.37 23.27 216.69 
62 3 30 128.20 18.81 23.28 227.60 
62 2 30 130.59 19.53 23.29 220.68 
62 2 30 130.37 19.06 22.74 222.38 
62 2 30 129.60 18.99 22.75 226.91 
62 2 30 130.89 18.34 23.01 214.86 
62 1 30 130.92 20.69 22.75 216.86 
62 1 30 130.56 18.59 23.25 219.66 
62 1 30 130.61 18.35 23.28 215.97 
62 1 30 130.01 18.82 21.16 223.79 
62 1 30 129.95 19.76 23.02 225.48 
62 1 30 130.53 18.33 20.71 215.24 
62 0 30 130.96 19.07 22.99 221.27 
62 0 30 117.08 20.66 23.03 223.56 
62 0 30 130.21 19.05 23.00 220.55 
62 0 30 130.61 16.51 23.28 215.97 
62 0 30 130.14 20.45 22.75 222.60 
62 0 30 130.56 18.59 23.25 219.66 
62 0 30 117.01 18.82 23.51 223.79 
62 0 30 129.99 20.00 23.52 228.51 
62 0 30 130.07 18.57 23.32 222.87 
62 0 30 130.81 18.60 23.53 220.83 
62 0 30 116.98 18.58 20.71 220.77 
62 0 30 130.61 18.35 23.28 215.97 
62 0 30 130.81 18.60 23.53 220.83 
62 0 30 130.72 18.60 23.00 221.49 
62 0 30 130.17 18.83 20.93 225.63 
63 4 30 130.59 19.39 23.27 217.81 
63 3 30 130.10 19.59 23.02 221.44 
63 3 30 129.40 19.17 23.28 224.14 
63 2 30 130.87 19.64 23.14 218.84 
63 2 30 130.76 20.11 23.02 218.77 
63 2 30 117.51 19.26 22.00 215.61 
63 2 30 130.60 19.86 23.28 218.32 
63 2 30 130.59 19.39 23.27 217.81 
63 2 30 129.41 19.50 23.28 221.78 
63 1 30 130.71 19.39 23.40 218.40 
63 1 30 129.29 18.94 23.01 224.99 
63 1 30 130.99 19.28 23.28 216.33 
63 1 30 130.81 18.60 23.53 220.83 
63 1 30 130.58 19.06 23.27 220.17 
63 1 30 129.41 19.50 23.28 243.96 
63 1 30 129.77 18.46 23.16 219.94 
63 1 30 130.24 18.67 22.88 220.88 
63 0 30 130.96 18.82 23.16 216.48 
63 0 30 130.71 19.39 21.06 218.40 
63 0 30 130.94 18.35 23.14 215.97 
63 0 30 130.99 17.35 23.28 216.33 
63 0 30 130.87 18.71 23.01 219.54 
63 0 30 130.28 19.97 23.15 220.72 
63 0 30 130.87 18.71 23.01 219.54 
63 0 30 117.64 19.39 23.40 218.40 
63 0 30 130.20 18.80 23.14 223.87 
63 0 30 130.63 18.70 22.87 218.62 
63 0 30 130.98 18.95 23.28 218.69 
63 0 30 130.49 19.62 23.01 219.17 
63 0 30 131.34 18.24 23.15 214.48 
64 4 30 130.08 19.64 23.15 221.46 
64 3 30 130.05 18.77 23.27 222.91 
64 3 30 129.99 19.12 23.28 222.15 
64 2 30 130.59 17.66 23.28 218.07 
64 2 30 124.05 19.32 22.63 216.71 
64 2 30 130.66 17.66 23.34 218.36 
64 1 30 129.29 18.94 23.01 224.99 
64 1 30 130.78 19.17 23.27 218.25 
64 1 30 129.41 19.50 23.28 243.96 
64 1 30 130.59 19.62 23.28 218.07 
64 1 30 130.14 19.57 23.21 220.31 
64 1 30 130.87 19.69 23.15 217.55 
64 1 30 130.61 18.97 23.08 218.61 
64 1 30 129.58 18.82 23.22 244.24 
64 1 30 130.18 18.92 23.21 218.88 
64 1 30 130.55 19.16 23.01 219.86 
64 1 30 130.00 19.44 23.27 230.89 
64 1 30 130.78 19.35 23.27 219.80 
64 1 30 130.08 19.64 23.15 221.46 
64 1 30 130.78 19.35 23.27 219.80 
64 0 30 130.73 19.75 23.21 218.58 
64 0 30 130.08 19.80 23.15 220.28 
64 0 30 130.59 19.39 23.27 217.81 
64 0 30 130.08 19.64 23.15 221.46 
64 0 30 130.05 19.28 23.34 221.27 
64 0 30 123.88 18.96 22.44 218.24 
64 0 30 130.59 19.62 23.28 218.07 
64 0 30 130.06 19.44 23.34 231.18 
64 0 30 130.79 19.52 23.27 218.62 
64 0 30 124.13 19.68 22.51 217.19 
65 3 30 130.39 18.29 20.92 218.47 
65 2 30 130.42 19.06 23.27 221.35 
65 2 30 127.06 19.48 22.89 219.08 
65 2 30 130.02 18.94 23.27 222.53 
65 2 30 130.08 19.64 23.15 221.46 
65 2 30 130.38 19.14 23.28 220.20 
65 2 30 130.05 18.77 23.27 222.91 
65 2 30 130.46 19.46 23.24 220.06 
65 2 30 130.04 19.54 23.21 226.17 
65 2 30 130.47 19.67 23.15 219.50 
65 1 30 130.06 19.20 23.21 222.18 
65 1 30 130.18 19.09 23.25 232.02 
65 1 30 130.78 19.17 23.27 218.25 
65 1 30 124.05 21.25 22.63 216.71 
65 1 30 130.03 18.58 23.31 231.16 
65 1 30 129.78 18.97 23.25 233.20 
65 1 30 130.37 18.65 23.25 219.91 
65 1 30 130.35 19.31 23.12 220.03 
65 1 30 130.37 18.65 23.25 219.91 
65 0 30 129.67 18.85 23.14 223.95 
65 0 30 130.72 18.41 23.31 218.31 
65 0 30 130.46 19.23 23.21 220.23 
65 0 30 130.06 19.20 23.21 222.18 
65 0 30 130.32 18.39 23.31 220.26 
65 0 30 127.06 19.48 22.89 219.08 
65 0 30 129.99 17.20 23.28 222.15 
65 0 30 130.34 19.63 23.21 219.76 
65 0 30 130.42 19.06 23.27 221.35 
65 0 30 130.04 21.06 23.14 222.40 
65 0 30 117.39 19.40 23.21 219.85 
